3024 4502 3213 29 412
1655 2879 404
969 2224 217
491 2402 321
992 981 193
2747 2212 27
498 1761 271
1032 1947 253
1065 1613 249
2532 2007 349
1734 2735 18
1833 2105 310
2068 454 95
2125 298 229
1178 2641 394
881 1896 23
2676 638 218
2283 2863 65
1484 2326 136
1212 1045 110
1014 719 237
1779 1765 77
993 846 38
2459 987 246
2580 1310 318
1080 38 117
575 1535 191
833 2677 312
1764 755 320
1169 256 365
441 2213 120
1927 1673 394
2241 1346 72
2259 60 195
1173 655 26
2096 2411 325
2547 1975 151
727 1222 18
1218 1819 352
565 911 337
899 586 172
2960 264 37
265 512 71
633 18 56
393 2753 157
473 266 53
2358 2526 52
601 96 239
1973 1090 50
1843 1892 406
172 2078 395
1562 1493 61
2943 620 152
2684 1369 69
1886 1479 331
1511 2698 166
838 2409 76
2766 1762 261
2564 2365 293
1553 1304 50
897 1978 275
1517 1688 63
1701 1922 329
1046 2737 1
2471 1496 331
6 277 247
1751 136 282
1445 1916 28
113 271 141
1338 961 360
2372 1223 1
1011 2650 259
496 2116 209
291 1575 14
1770 1905 381
2505 2485 128
2867 408 366
625 1438 246
2401 2837 303
2861 1426 332
2128 1563 293
750 2575 385
3020 1830 257
854 1520 317
2100 1663 173
612 2564 56
1662 165 177
2703 615 182
2851 2194 271
1072 2176 292
1496 2963 64
2966 915 331
665 1031 242
2138 982 178
1853 1038 253
1543 2087 290
2970 880 105
176 1751 57
2094 803 388
595 2413 138
284 1333 176
1745 2836 227
2276 1525 366
2887 63 261
1993 2371 324
2974 668 301
1475 2705 60
2976 1152 3
1178 1393 210
110 1288 324
1596 1691 126
988 1473 147
894 792 85
721 656 286
1691 1530 310
2861 593 301
1782 2716 85
291 2472 18
2053 1885 146
2689 2359 31
1786 118 374
1106 2036 319
813 2700 120
1660 2686 305
107 2338 130
1026 2532 359
2655 664 324
2364 657 104
1629 2010 31
336 1580 93
1141 2728 152
869 480 277
1167 167 186
903 2405 195
891 601 22
2859 1909 280
1442 898 354
1881 2299 46
1077 345 285
577 1990 215
1930 1359 316
405 30 326
2576 458 60
1823 1174 311
849 771 200
908 1062 308
1909 2917 307
3009 1388 45
736 3016 254
1635 2634 68
2440 3019 279
326 1545 114
2175 2807 373
746 32 18
864 478 211
877 57 8
172 2127 353
1481 2292 403
2207 464 47
1916 362 299
1626 1066 410
2242 1446 339
283 1223 366
2167 1197 358
102 1200 200
279 2205 291
1506 1140 212
2946 401 168
304 191 297
18 667 7
2804 599 5
212 399 246
2442 1547 278
2891 1675 92
1183 2197 386
1802 1853 389
2031 2654 30
2256 2431 111
2491 2734 302
1990 2036 365
866 96 120
65 817 99
1249 1944 238
92 981 115
1553 1354 122
1901 1872 102
2385 1187 313
2455 2867 231
2264 2514 261
2128 20 222
1442 290 119
934 890 49
486 1362 239
176 2766 402
2936 1869 300
2480 1102 144
3004 1823 335
2218 2209 179
109 445 16
345 1726 224
2465 2640 245
624 216 99
1502 1291 317
2515 2496 313
513 1589 194
221 301 156
820 1498 387
759 2369 331
186 2669 61
2260 148 350
2511 533 169
1417 1085 75
2515 2723 115
1586 3 407
2671 434 228
837 875 128
116 521 18
444 1404 274
2587 557 72
1324 1126 281
1243 119 28
2692 792 233
788 1935 143
2905 1642 262
841 1989 348
2635 61 60
1764 648 104
220 2625 328
1133 290 42
863 997 394
1304 777 287
537 1200 68
2851 552 121
2084 783 275
713 1873 407
1323 2294 355
2997 325 131
1049 2689 124
2383 2164 357
1155 3 167
623 1357 192
441 1924 380
2760 1913 102
1714 707 328
2812 2700 333
873 2026 186
83 409 258
1426 559 184
2279 2437 333
1258 480 62
891 1972 5
1184 2393 277
1749 1847 82
2229 755 395
6 701 302
2198 1882 231
1626 2617 160
551 2022 101
2328 1311 393
27 483 346
1734 85 375
2771 2819 344
1246 1458 368
1744 1630 308
1839 1784 222
830 2122 344
2777 996 131
2030 2174 399
304 1442 65
2760 1589 387
1417 1286 277
2502 1869 370
2425 2188 136
2707 1195 53
1482 2031 129
1178 412 179
1856 1088 247
3 1350 373
2116 2109 120
1602 839 363
2483 873 199
706 933 366
2769 2436 252
2289 2069 344
1292 1 191
2395 2845 357
2439 929 408
1841 1070 137
2237 287 381
2821 2692 54
2931 633 112
1335 42 42
139 153 149
2487 469 221
1969 763 37
1821 2367 144
2717 596 22
1584 2264 352
1146 908 46
2834 2583 217
20 460 274
452 2092 316
1932 2255 168
636 1280 73
1780 713 296
1715 988 125
3019 2796 295
693 1256 296
2039 23 255
1995 2921 199
2906 2656 111
2390 646 46
1534 1501 116
415 2643 271
1175 1611 401
2018 2780 91
2728 1500 171
321 1592 215
2863 1390 323
1783 576 80
1663 1642 261
703 1317 252
957 2046 391
809 1420 125
1106 1380 388
1069 218 354
824 1055 224
1083 2565 250
1836 1072 191
2273 1614 62
2168 472 218
2777 2938 113
434 2288 153
141 1125 301
1783 2716 218
1940 1890 303
1059 2412 296
2335 225 151
724 2433 399
1504 2074 161
1158 21 122
640 1120 57
353 1798 39
2150 317 37
254 1451 362
261 99 121
1828 785 314
2403 1341 148
1214 115 53
708 30 231
2288 2036 353
190 1411 62
1569 1491 119
2174 2270 282
239 756 276
2682 2422 309
2061 940 216
1327 1689 238
1527 2340 59
2893 1805 24
1149 545 186
1392 2454 293
504 2641 141
1578 1337 223
611 2120 6
2543 1935 23
679 249 234
2378 2484 331
1225 2033 277
1869 1643 178
538 2053 247
1946 2094 82
54 2021 98
76 412 365
1687 1635 78
327 1083 154
421 2134 162
1786 1002 374
1279 489 24
1798 943 163
1792 911 63
2244 1904 155
189 2640 121
2492 1947 195
528 1187 323
1892 431 252
337 1982 220
1459 1060 331
146 1189 175
311 917 372
1596 1818 405
583 356 75
1039 1077 229
1255 343 285
685 176 260
2578 1219 144
2191 2164 86
1057 1888 217
2141 2867 123
1704 2478 31
2544 2113 355
2194 2981 94
1631 1544 185
687 1685 391
2287 446 124
2034 1313 184
1645 1564 396
1146 1771 190
127 2500 374
79 713 44
876 293 123
588 1686 63
308 1739 244
744 2439 304
2214 1131 199
991 1589 326
2616 895 213
1674 833 50
1462 2644 347
1163 1148 104
568 1951 34
2341 735 384
2156 1779 362
1435 2044 186
507 2854 376
1429 1032 181
952 2544 283
1738 2182 242
2072 1474 29
2884 2393 9
1667 679 146
2621 1822 347
1716 1386 132
2782 1276 411
2232 2119 296
214 618 352
1858 2637 164
2035 76 405
0 1904 2
216 1378 162
49 516 182
2669 2011 174
480 2491 287
1451 926 15
732 1757 36
312 2112 38
1575 253 20
944 1930 12
1031 443 161
1216 2120 27
806 2175 294
2809 2099 5
496 937 298
1082 1854 302
291 1709 280
2110 1793 49
2737 2962 178
2362 1609 141
335 749 280
527 1289 138
1228 2511 380
2143 1163 166
2964 1102 173
2528 956 91
1204 49 216
2947 212 410
1001 327 109
878 1490 256
2462 764 110
1337 2715 212
208 373 205
455 1764 180
2443 1703 389
2199 708 359
1882 1535 364
13 2089 232
46 542 308
458 1652 330
1343 345 79
726 1477 100
250 658 311
2253 2615 161
2763 300 295
3015 1717 49
215 229 17
831 2531 392
1845 2910 239
1601 2351 69
3014 2724 348
1919 1258 129
333 740 186
340 860 84
759 2107 135
590 1555 238
2394 670 292
2394 1278 12
1828 1055 201
172 598 250
720 1112 43
2068 1053 82
2568 2023 215
1469 690 237
2815 407 252
839 457 37
2379 2106 9
77 189 233
1879 2823 14
1717 2101 169
1884 1087 53
1229 2765 13
1541 2166 238
2661 2171 199
1387 1646 93
1935 326 236
2195 2052 221
863 1611 210
2691 529 352
1197 1875 27
942 1963 23
2659 1524 47
216 1537 165
1656 1809 141
2107 2294 44
771 1753 282
2013 2085 239
2466 2298 126
1703 1963 266
1841 2399 358
2779 2845 232
1762 1716 27
2170 2885 110
1690 170 1
816 45 218
228 2162 77
1135 1209 210
1281 1410 288
2425 2369 14
2288 2778 183
2245 342 52
387 2986 123
1862 1857 331
1766 817 7
454 2283 316
2914 1080 228
1499 1023 132
2659 2330 201
2300 776 153
2829 1027 354
3018 2314 64
2757 623 97
519 1276 339
2659 950 95
1047 274 313
633 2663 183
1687 213 28
2924 1251 193
794 243 349
1449 2642 21
1492 1053 169
1125 1071 22
1283 1777 107
1079 1556 260
2922 641 155
2518 2483 340
1887 2931 111
2793 1596 146
2628 2006 96
767 2058 5
469 1553 158
1105 1630 217
2833 1980 127
2869 2150 264
2074 1471 321
2260 282 228
1912 439 164
2685 1774 286
1747 2271 357
825 1930 199
2988 2914 81
369 673 261
2598 2120 51
831 2549 404
2421 1368 132
403 1564 333
430 2988 126
41 1461 297
956 138 63
1921 329 108
2813 1106 137
1010 2368 192
2865 1466 208
2258 2143 182
1764 2315 173
2073 2754 10
1744 2900 303
1720 2436 46
1760 2545 251
2926 608 302
1715 2220 280
2273 2319 354
400 1462 136
995 2819 106
2990 726 377
2258 1356 154
2964 2771 363
1618 1905 409
1433 2500 322
212 1187 38
280 273 380
565 420 117
1601 885 105
1756 530 341
1710 1515 56
235 2204 203
1200 546 37
1300 2633 194
2701 2566 377
2139 179 130
2320 2928 124
2981 1435 75
2906 1084 69
1320 1294 205
2931 1529 141
2517 427 42
44 1062 357
2319 2375 406
354 800 115
267 2446 139
2362 2118 61
1728 2594 91
639 2149 306
2207 828 241
476 1656 17
354 2833 356
2727 2231 189
693 2641 113
1717 2120 324
1793 2487 254
1968 1607 33
1506 940 359
2391 394 186
2531 2395 255
2794 2101 166
2608 903 289
339 74 281
1300 2180 227
818 2489 165
2595 1672 267
461 507 369
1965 856 324
2914 330 243
2051 643 368
1690 2551 119
2013 847 269
1220 968 344
2459 213 300
2915 1912 136
2560 610 340
1584 1131 380
492 2693 81
411 2259 242
1342 2327 377
2691 2859 273
2450 1750 309
1436 10 54
2605 2087 186
2170 2671 41
296 2428 67
2956 2386 181
18 724 337
2133 1623 295
1015 2241 85
1871 1713 4
19 2837 212
2618 22 185
1127 1078 369
1968 179 270
2467 1032 274
2895 1306 355
1784 187 177
476 1114 34
1516 1583 134
2473 496 194
2302 2823 370
244 2667 117
2708 1013 9
1408 2670 173
2010 2897 399
1711 430 45
1769 2967 260
325 1748 146
108 1084 355
719 1324 56
2976 2838 278
2641 355 397
1966 1250 283
1484 1200 129
263 2239 57
99 1733 212
2091 2245 252
1425 1049 178
1494 2826 259
2443 2358 366
719 950 274
2972 2556 132
1618 2797 266
228 1468 390
1881 1992 304
594 2910 42
1221 2977 403
1003 3008 381
2882 2734 270
1111 664 222
2409 1597 141
1115 2731 400
804 26 197
1491 1047 111
1100 226 47
240 205 178
1448 52 204
1324 861 255
1560 521 377
1047 1650 358
2191 521 357
2796 1938 27
1212 1994 405
1794 1577 94
2475 2030 34
296 1912 265
1057 1578 336
2809 1247 254
791 1481 72
2587 2686 37
22 2981 174
2844 2361 77
1653 2201 213
2414 440 3
2052 1143 400
2671 557 273
2916 1188 386
987 2219 240
1897 1903 321
199 533 410
2668 90 28
2723 1775 199
1621 1232 138
674 1530 57
178 1914 220
1550 897 126
460 1797 176
505 2495 135
1514 128 125
1564 1451 173
2904 1498 1
160 1997 252
1347 2943 64
416 718 191
871 1645 31
1887 292 303
1439 1127 19
2143 2901 12
934 944 300
2645 1842 46
2770 1123 293
2781 2067 68
1512 1525 182
2071 67 159
745 578 92
1089 562 202
190 1313 268
1918 816 122
395 1785 145
2459 2746 308
912 645 112
1137 1303 97
1692 36 333
2286 2303 150
905 137 70
2722 527 82
2969 2734 88
2662 332 133
2655 2530 317
151 2564 27
3007 1905 266
1440 1571 67
277 2720 50
552 2932 269
818 231 208
2827 1169 244
1229 1573 108
1283 1694 66
2378 615 260
977 1707 228
2758 2011 256
231 1806 360
1276 2528 188
1882 1594 101
2154 2605 224
382 1593 124
2994 272 381
1571 1230 392
1586 2127 330
16 1316 112
921 2579 294
2711 1443 90
978 1959 339
1260 2163 283
2332 1792 359
248 266 157
748 468 100
1541 432 361
601 1672 160
2005 1874 261
1424 2798 267
298 2163 337
221 2995 66
436 742 20
2906 1158 15
2237 2532 329
2549 1154 44
2405 1992 34
1434 1411 42
289 927 311
1361 1207 105
333 1818 77
106 1254 248
1455 1122 113
664 818 93
2297 1907 301
1500 2140 9
2464 2915 244
364 2068 322
2830 33 354
2356 1871 158
830 1092 228
2827 2293 117
1512 2299 314
168 1060 320
1685 1993 285
375 467 357
428 1549 252
542 361 161
2690 1107 109
1391 1297 384
2026 1870 342
2231 864 321
2053 262 80
1631 1027 350
217 121 107
2378 2228 178
1180 2070 343
1917 553 222
2234 806 121
2545 2620 84
1505 2414 393
1566 1030 103
1779 2127 362
2945 1199 315
783 2640 386
1184 224 215
1682 641 171
2305 945 239
61 2716 384
955 264 123
1644 2227 231
1817 333 141
1443 412 202
514 486 282
45 107 45
163 1133 264
1101 1779 112
935 992 29
1819 2316 98
1560 553 287
1843 1239 143
866 363 147
841 1701 242
2645 137 342
2778 2359 197
941 2899 342
1999 2818 136
2063 708 373
186 601 247
1381 196 253
1482 1248 6
1715 2860 185
2831 645 182
2238 2696 5
2212 31 184
911 595 178
1673 1065 175
2149 1948 373
27 949 174
2650 286 369
2780 2184 128
2002 462 195
1142 269 365
1325 1882 86
1380 821 411
2566 1092 44
2792 1818 196
1589 1109 322
2488 2786 167
885 922 153
2249 2477 396
212 2415 236
1002 1236 99
2985 350 173
2992 2595 144
598 790 70
1789 605 396
2969 274 278
2540 1933 192
2840 726 203
2999 2506 378
2369 1917 83
2606 1132 158
738 850 95
1131 656 83
195 1727 366
2107 2186 32
1120 1526 358
271 718 334
2314 500 243
2972 2310 120
979 2782 91
2056 1060 322
1984 1269 245
203 1420 324
2659 1463 201
2632 736 262
253 916 316
206 2346 357
2721 1365 68
2712 1967 125
1169 2178 320
123 2894 45
412 1917 340
1732 669 249
507 412 283
194 1371 27
1736 2097 396
1572 2239 265
3005 430 182
822 308 282
399 1133 152
2372 1056 207
119 1974 226
2669 2260 291
1417 2042 66
2333 1837 188
2653 2959 50
962 627 68
1876 2614 181
975 1240 155
179 194 120
2615 1636 405
2616 2351 327
1075 1029 216
15 371 147
1870 2256 113
1402 565 227
1344 2887 187
2684 3010 142
2152 2596 2
1930 3005 311
2653 856 350
589 21 395
2408 1685 408
1922 2449 85
1967 199 234
1713 3002 297
1226 471 153
2465 1153 44
2545 2094 363
2267 515 4
274 63 305
93 23 49
1551 1487 77
1478 897 97
1419 1258 363
899 2427 8
2804 290 7
1305 6 299
2268 2413 224
424 2701 26
2740 526 37
2691 78 229
1768 1882 404
1772 2443 162
506 2993 254
217 2795 315
2941 582 164
1478 2593 48
2612 2199 299
2654 520 36
1870 555 84
317 1345 200
1179 2452 37
1100 104 2
2998 623 107
1970 2403 74
943 873 334
290 2822 189
2998 677 8
824 1678 338
2409 1107 402
1638 926 400
76 1799 383
652 2115 128
369 2163 374
2905 2282 262
2753 2885 69
2926 1802 232
72 2336 395
1629 2728 139
1825 1354 188
623 414 256
549 794 277
2735 489 355
2614 2027 23
1119 2253 67
1138 1815 161
1389 1572 34
2732 1839 360
197 1426 88
2832 1327 20
1136 1181 218
1972 153 337
2629 2810 404
500 1146 179
398 1588 2
1983 1109 329
2946 1129 31
143 2650 3
2887 1545 175
158 965 102
975 2759 252
2650 911 182
102 558 99
2766 13 299
1103 1651 365
2827 466 99
2116 1651 193
1316 1740 153
695 2812 155
1709 964 158
2447 831 15
936 98 119
2178 1493 284
2236 556 283
1600 26 289
42 996 320
1239 386 37
2341 1995 255
708 276 214
2478 1365 228
2560 112 225
446 1657 56
2039 2147 62
1770 1826 138
315 871 314
308 2535 391
253 1640 391
329 2336 380
2832 2445 375
825 409 289
1239 1901 383
242 14 108
2160 2051 378
177 2106 284
870 2275 266
2213 2507 92
1686 1662 116
1900 2878 97
2050 708 141
1390 42 201
2703 518 347
493 117 151
1508 345 133
2333 2362 270
854 1820 215
2523 794 260
755 400 284
2451 1807 309
2063 927 283
3009 979 62
1781 281 371
420 464 392
1313 2660 77
1416 2677 191
437 418 287
2980 1010 288
394 823 21
965 1383 354
366 1527 267
1161 2571 11
2574 1793 359
1621 287 241
2945 1321 259
702 1350 370
2097 756 223
2388 1551 133
526 962 226
107 2088 143
2512 2585 408
15 415 51
605 1531 150
6 2955 258
2429 2336 30
1545 1619 290
841 1848 30
1033 1826 194
869 490 164
2408 422 50
2529 1768 177
2058 783 282
522 1322 212
2096 2329 108
65 662 146
521 842 328
2229 2344 412
1294 180 291
2353 81 78
407 2366 373
2791 941 363
236 2475 260
414 2264 113
1404 2716 247
2847 551 190
1241 670 171
2956 1514 30
988 2525 155
651 1510 182
1539 2530 246
2933 1567 136
2394 66 379
1512 602 14
2858 1186 101
203 770 73
1572 3021 233
2118 1588 43
2424 578 225
419 1877 101
1955 1207 33
371 1387 118
469 1932 375
2323 2140 117
1020 44 89
286 46 124
111 1804 222
1212 1905 340
2247 615 225
2890 2031 374
2914 1304 312
2128 2235 98
641 2207 311
1036 1957 71
3022 1619 41
2374 2299 408
2704 2889 85
2287 757 136
1284 333 227
1916 2821 118
3003 683 395
1071 2919 387
228 673 5
1754 2519 195
456 1530 225
1753 610 217
1594 2917 405
118 1869 403
1021 2888 31
565 239 279
839 1047 166
2542 2425 293
2135 895 273
370 2902 398
1315 1914 203
2442 908 362
2830 1947 329
1589 1429 314
2253 1170 319
1307 777 90
19 981 347
666 952 375
2660 2935 31
1771 1816 294
746 2834 402
2124 2747 283
2943 128 39
502 1906 314
1940 1379 244
2587 2738 90
38 3019 336
737 1203 365
172 632 51
2587 2631 221
752 451 182
408 1710 41
2172 1370 224
998 2001 282
2913 1367 233
600 1671 256
3014 560 272
2321 2272 11
2815 1445 314
214 1731 304
481 971 104
1923 2338 64
122 1983 308
32 1369 123
2133 2937 145
2271 1750 149
1855 2406 236
127 2821 316
1080 2350 243
1735 1793 201
276 579 85
1056 724 258
1313 339 20
2291 2250 378
854 2590 32
2961 1757 192
2217 2569 176
1169 2247 234
1324 2517 136
2196 295 145
212 2691 166
1479 2712 252
2112 1196 26
814 2644 48
144 1037 165
1634 351 38
2948 9 87
642 1724 282
2945 2192 336
2737 1808 330
56 1400 84
2193 1407 368
1852 2217 47
2255 2773 349
859 1717 68
1295 418 178
2472 2353 3
42 147 236
930 1987 334
1775 2181 299
2090 1518 233
2733 2467 379
2766 1965 6
2580 2741 296
2929 260 150
2875 2111 182
2896 2211 285
963 2413 148
1141 1686 59
851 2953 129
468 1518 86
2586 1128 155
2780 1621 353
1155 1488 65
735 860 51
1338 1904 385
2597 2266 264
2748 2935 136
2795 2678 152
2946 1124 306
636 92 190
686 1783 257
1215 861 155
1971 329 201
1175 2730 380
827 583 283
874 492 359
2951 1573 324
248 2922 189
541 415 269
98 135 115
2541 1633 183
1730 1605 256
1764 248 143
1482 534 185
2628 1527 96
1755 1349 397
1329 901 281
1346 3001 238
2583 721 302
1499 1018 382
168 717 223
2760 166 165
1399 615 327
150 194 60
1333 2490 75
2828 1232 339
2403 2123 27
1680 2106 73
383 331 81
1368 975 167
528 1206 389
782 2742 224
2272 1003 217
1508 1047 277
1116 2668 242
882 2021 292
149 276 284
1007 2479 247
178 1435 48
2354 751 19
718 2305 140
1404 2520 203
2403 281 67
2334 2180 313
23 2230 218
1969 746 40
1071 2027 227
1859 2271 85
906 949 142
2787 471 341
600 1423 180
1004 262 286
330 2619 169
1552 1400 319
1362 1176 280
1012 2836 359
1320 1249 8
384 2352 40
1530 2840 303
1061 1493 258
1707 1460 129
1051 1724 385
2496 1364 126
2247 936 391
2396 1654 185
2824 2177 180
547 931 22
2352 399 282
337 1279 89
659 2671 203
2486 1234 205
2420 635 368
1870 2523 26
1944 1720 269
2782 1434 200
1321 1313 127
873 522 260
452 493 386
595 2687 361
559 1973 101
1169 2382 179
1817 162 404
1434 557 309
251 1957 104
822 672 3
113 182 142
241 1603 113
1632 1557 79
163 237 402
2960 427 210
2757 94 101
881 968 379
2601 434 322
66 124 242
1151 1602 331
1945 862 117
1630 1547 280
2521 2483 258
1720 1989 382
1691 1104 206
1251 65 397
965 1890 79
2575 1006 263
1762 1579 341
838 112 280
2754 2904 215
2383 712 25
1744 2807 323
1501 2439 160
805 2528 120
2763 1958 389
1013 2218 141
1318 2585 147
2061 692 373
2240 1804 378
2693 2741 84
2789 508 105
1753 1090 41
308 2971 301
2980 2660 279
1201 2641 282
1194 1666 147
99 1359 402
2185 340 1
2174 2154 224
1692 266 85
1868 979 162
1883 959 181
1469 2214 166
132 1535 398
2481 897 328
514 2260 398
2391 588 31
547 649 250
748 715 249
1644 2619 364
2094 1052 38
1842 1293 148
2246 1542 185
1322 91 336
2222 2392 105
1796 67 126
2237 2732 217
293 494 233
1452 327 393
2750 1266 201
2857 757 25
2019 1216 21
2119 593 84
2491 3008 123
1184 2689 120
1535 1744 271
1794 230 90
2922 1312 280
2736 2916 276
2298 1138 256
351 543 305
70 1919 359
2450 2977 344
2031 1499 119
1466 1590 208
674 560 49
1797 2279 179
1723 2823 262
416 2473 135
912 104 49
1840 365 86
497 2935 254
1963 136 168
820 589 111
1111 2018 47
312 1490 381
1723 890 320
2735 723 374
1605 2886 270
1099 1685 364
2994 304 390
2808 1443 159
726 796 408
242 2380 201
2038 351 126
2375 1251 225
734 2341 408
2186 2687 43
140 699 142
3 383 22
499 2165 382
2865 1485 318
1196 59 244
386 2458 248
1415 1097 220
525 235 357
66 20 391
3022 1781 108
925 2733 238
1055 2244 97
23 319 325
245 1786 66
640 836 277
1123 37 350
2566 2285 67
799 24 204
2403 1447 46
2937 234 298
306 686 51
2782 1639 68
1968 1749 227
2499 1603 196
1952 758 157
2891 2339 287
505 1695 134
2066 751 259
2252 2410 226
2259 2979 277
1882 894 275
252 1272 266
1664 578 227
658 564 241
1387 929 216
2744 2905 293
1024 1621 55
1609 2361 108
2751 161 111
1781 2325 18
2747 712 66
283 2656 224
2073 878 351
1522 462 96
2039 586 106
504 681 7
661 28 189
26 837 236
675 2446 324
2917 2351 160
876 181 283
3023 112 116
2812 1530 165
1028 1311 301
710 1869 18
2499 354 356
2803 850 252
2078 677 69
814 1715 8
737 1971 37
2361 1599 83
2371 2520 187
2413 1322 273
1264 2491 18
1409 1897 215
773 363 239
350 779 9
130 361 240
1394 2544 230
374 644 233
1936 2274 74
422 1322 407
1156 1411 35
299 316 24
2444 1714 185
888 2156 51
2421 748 275
487 2664 175
1977 1851 247
2179 1305 68
552 2896 146
978 297 40
1563 903 302
2613 881 271
2019 897 409
1086 1763 109
2570 732 390
522 1961 51
2437 883 338
1173 1418 65
665 75 74
2656 1385 225
1876 1822 275
574 2131 26
2746 1689 31
2673 1259 308
1406 1859 227
181 436 168
1676 2277 27
296 313 146
765 1548 110
417 1583 78
1131 361 380
2985 2649 92
2086 2928 80
1931 1125 235
529 2564 2
1174 2700 212
1207 115 300
237 930 59
1998 1486 255
2770 1019 285
93 1846 146
420 1906 157
1268 2389 201
2045 648 287
1832 2514 317
1944 1984 258
2374 1489 222
404 2808 116
1717 2020 202
533 2269 85
985 2134 20
2675 40 406
2489 580 198
2760 915 380
1595 2495 185
628 1138 181
207 1853 412
70 1890 184
1725 716 228
878 407 395
74 22 183
1495 541 282
869 2971 152
1276 2784 214
2917 1933 144
1832 304 109
1376 2303 386
309 2755 51
2881 2401 94
1724 2932 187
1793 2081 47
388 451 117
833 2771 56
590 1096 152
1398 574 317
2040 2736 40
109 1225 139
1381 1540 202
1752 438 373
444 2927 91
2304 2299 115
2619 192 178
2699 1141 406
2985 1759 337
1494 279 209
264 2113 227
2338 2437 318
1055 708 9
2684 610 304
413 2784 400
2758 1406 325
57 114 88
2683 1142 283
1277 859 375
1195 352 346
2031 2398 354
1666 2267 61
964 707 198
2892 1136 311
1547 358 247
2332 2446 87
2514 2117 57
1630 514 412
2111 101 198
279 277 225
1602 1767 391
1502 2619 239
756 371 145
1574 1727 116
1567 552 50
769 619 311
2904 2817 93
2313 1085 2
1442 1319 377
1563 2960 273
57 135 263
1163 2439 8
2741 712 302
2463 2701 216
363 1723 293
2243 2842 95
2929 1364 245
140 2921 399
1667 2372 13
680 2126 333
1220 544 367
331 709 197
313 1272 53
1559 1459 128
1335 2514 147
689 1987 146
1743 2852 319
1844 2408 166
2255 1924 47
2220 459 367
2275 270 121
729 384 175
2060 2372 136
1194 686 151
2190 1436 15
1408 2384 380
250 848 64
1161 1529 232
2820 2892 187
2831 2500 322
403 2316 34
694 401 331
599 1615 264
156 587 281
33 2441 184
2918 1105 343
1724 2706 115
2525 2477 149
2617 1772 277
2937 1187 342
188 1866 328
2496 2558 268
2001 2147 171
416 351 284
1588 1563 310
426 1467 41
119 229 4
2286 480 89
1270 2195 219
787 1490 126
108 1710 225
1102 1985 38
90 1661 63
531 2701 175
2612 339 398
1406 482 256
2137 1286 298
951 1085 85
1800 1294 153
1045 2714 260
232 2111 137
2530 2055 135
2425 1789 103
2361 704 386
2865 1933 178
2596 2518 196
997 457 392
2231 2679 173
335 1564 336
2042 272 276
1730 1424 260
2966 1804 299
312 60 58
1089 1629 383
2312 1290 384
361 252 227
666 1647 194
2323 1167 105
673 1471 357
381 2290 97
2965 423 243
1862 2046 277
432 2096 45
2425 651 283
1190 2291 166
2990 390 25
1796 2382 46
728 2759 301
1190 2497 97
2322 772 410
589 2847 166
1649 495 334
2944 2042 352
2615 2874 27
1894 382 209
359 2096 207
1532 1962 377
2787 2164 336
1149 311 109
2761 2555 269
1623 2253 161
958 2560 4
1609 1887 23
1820 1357 196
470 1151 181
2594 2308 228
2931 2627 147
1360 930 73
74 1858 183
1346 227 106
890 1149 49
2956 872 241
724 247 334
413 1450 116
1417 2099 351
172 315 162
1990 269 126
2951 1762 349
2062 2785 290
2014 2190 235
468 2335 329
2195 21 239
1028 139 331
1055 1083 336
2041 2886 262
167 2444 364
1365 2360 298
1225 2585 181
2638 457 243
1971 3022 246
2877 2918 157
894 397 237
1786 2492 58
149 1078 133
2217 1809 31
2113 497 33
2226 1672 342
708 26 222
1216 1386 390
1665 1039 314
2925 1515 256
2109 1278 52
1055 2197 166
1645 2396 293
175 2806 22
91 2593 250
52 1902 270
1803 1083 255
600 1240 124
1441 2109 296
2957 637 226
1863 199 147
1489 2339 345
2041 1494 396
2257 1369 95
2756 854 227
2140 587 48
2887 2604 236
40 2260 275
2614 166 208
2957 2401 254
738 448 260
2284 462 168
1542 1947 208
2720 3021 94
382 133 15
1294 992 81
1081 949 288
262 1733 239
2976 1027 355
1546 918 106
1556 2061 376
1484 360 359
1718 137 255
2149 1172 119
2417 2303 87
1791 677 183
1959 1991 76
1356 374 229
2482 1570 164
2451 1940 117
169 2746 166
2532 1845 243
1543 617 334
210 2269 286
2164 2591 366
700 887 133
1822 1926 352
2925 1706 363
2543 775 225
651 1250 185
1358 1474 320
2897 2218 276
2203 979 393
1728 1763 128
113 2972 320
144 1369 258
1083 586 330
2486 82 250
1029 2615 299
438 2645 403
1332 1233 48
2642 2036 267
153 884 399
2663 1091 259
56 1507 214
2775 1131 42
2341 2680 256
353 1784 202
158 2075 364
1367 1372 76
1285 1611 231
2484 325 276
111 2031 180
1299 2657 25
2143 189 40
1179 2881 6
802 1100 282
2899 1447 240
628 2121 345
1074 3013 186
2330 1050 132
238 2722 56
884 1884 365
1758 671 1
124 481 59
1653 739 70
1090 1392 346
1033 564 49
1854 2897 401
1643 1374 371
1391 1552 171
1961 923 368
2461 1116 297
1345 2688 136
516 2577 199
2864 2780 266
983 772 170
310 2479 139
2970 2320 404
2511 1747 353
2819 1525 191
1763 1045 295
334 837 71
697 926 33
2643 2093 386
38 2373 369
2057 2821 402
705 2583 264
2579 1485 345
134 1414 109
1996 2730 33
1385 491 228
1542 2924 393
1825 1407 192
615 610 4
975 1691 301
2159 854 258
2658 902 140
767 1591 144
1072 120 111
2436 1321 381
1867 170 122
772 2078 149
1463 1943 377
1673 1640 167
1327 1521 365
2869 3006 196
1829 2892 328
628 2373 241
1697 338 242
1617 2748 13
1724 1297 402
1778 410 275
2904 747 260
2363 2572 389
23 2934 390
1166 840 75
2002 1712 160
1778 2651 356
1019 1274 114
1098 1958 135
2890 3015 369
426 1777 248
2138 234 373
2145 2326 242
530 2845 300
1371 1290 343
259 1052 173
601 782 11
844 2406 407
1114 1486 305
613 2398 118
1834 1297 311
459 1728 125
1721 1200 116
2270 1770 361
2012 2335 21
2060 446 30
1332 2045 309
2645 240 323
2167 1105 324
68 725 183
725 2123 90
1527 803 262
1928 815 296
260 2964 214
1338 1383 284
1374 110 53
328 749 166
801 1356 353
1257 1891 384
1738 2684 296
2999 988 375
1688 1098 397
2800 2955 396
1587 2133 63
661 580 375
2670 2240 41
2569 2468 226
872 2464 313
1913 338 216
728 1019 73
2122 914 294
2103 1839 95
2079 1929 15
1231 2580 379
480 34 338
562 35 105
2282 481 315
987 1580 122
2786 2191 77
377 2255 286
1225 1396 157
563 455 177
2662 1942 69
1632 1294 305
2534 2582 234
1077 2083 383
129 604 168
1709 2883 213
1790 985 101
511 674 108
1934 1346 223
658 1431 101
2801 32 205
169 851 315
1898 1015 9
421 2228 219
1543 1883 225
189 1333 213
351 318 238
1624 1267 174
684 797 403
1797 2767 299
2983 505 148
386 2330 84
373 1918 277
815 2693 281
2381 1133 361
1438 2915 52
1528 447 150
1519 515 258
1727 401 360
1267 2910 384
627 255 321
2388 616 11
1578 2127 115
2206 1901 23
1270 2122 137
1010 443 82
793 1758 70
2512 2781 391
1486 2371 51
1806 1453 11
438 2878 236
2174 342 37
2567 2785 206
706 939 60
788 280 195
814 475 255
769 192 361
1996 1230 356
2516 1349 356
2134 1208 39
2108 2297 31
202 49 176
1941 1513 349
355 2726 82
159 2462 374
1082 2490 5
1174 2233 388
1205 2944 103
1787 1430 155
655 1074 357
2267 2356 91
325 2179 276
710 2132 332
443 381 213
648 808 191
77 9 93
2903 2359 231
571 2258 128
1726 1336 294
1958 961 28
421 2921 346
440 2909 401
3014 116 404
229 672 23
2440 592 345
2148 1713 285
1599 1261 192
1442 968 233
604 2902 16
789 2951 226
1941 2685 325
14 1430 364
1929 2370 131
2235 2158 282
2550 1368 174
1292 1538 358
1601 608 78
630 2741 158
1465 518 1
1097 479 285
2486 2096 262
2196 2991 197
95 229 83
1529 1878 288
951 2003 123
1568 1736 379
2305 2603 176
1917 2222 89
1898 2684 217
1337 907 180
570 2626 285
1835 2934 329
175 1441 86
1008 1440 95
8 125 136
472 538 397
2520 2940 134
2319 1836 334
1725 678 38
923 694 119
226 1953 292
962 1367 321
2228 1157 348
2681 1566 349
1661 2605 137
809 1482 325
2434 3014 107
837 1788 37
2554 1293 59
2380 2047 392
2130 1755 314
977 2358 252
1302 2164 33
2856 564 244
1000 658 31
2238 2024 331
253 2589 26
81 2501 257
2113 396 132
1795 1571 108
2892 2600 91
2290 2661 25
290 1303 94
1977 1757 47
2529 2688 399
1522 2591 88
1075 1172 130
2019 320 358
2162 643 96
2963 662 387
967 173 372
1714 1929 238
580 2077 176
1517 2278 34
1982 418 340
2914 826 376
1257 886 393
1252 203 285
2608 1829 213
2677 2633 277
329 829 369
570 368 1
1657 2707 181
1195 2908 343
2751 397 316
966 1553 366
2753 1330 383
324 2279 325
435 1579 379
916 1185 382
477 2966 348
2964 1190 88
1453 986 205
2243 2919 240
228 1422 60
1744 1850 346
372 1181 312
1292 1911 347
145 1047 32
1731 2097 257
2450 2051 230
1821 1281 337
1173 2284 302
1987 931 69
2115 816 343
861 2989 297
1877 765 14
2268 157 122
1973 2592 353
2414 2843 125
2033 1791 407
949 1901 240
2518 1234 125
567 1105 291
1105 2761 152
242 1539 322
1503 499 91
875 2816 171
438 1846 211
714 1125 185
1749 120 334
2034 2802 85
131 1520 392
2432 333 275
2179 2958 225
1610 2103 220
1679 230 169
2136 2035 159
2005 1345 146
440 2274 214
1893 2158 215
962 2239 95
1809 2307 405
1467 2368 182
683 2747 78
370 41 297
1192 2707 273
1682 117 15
750 615 186
1057 1732 74
2400 1726 158
1709 1235 36
18 657 401
1662 1653 16
1745 1049 47
2871 1143 5
32 1612 164
1147 686 410
183 1460 100
1295 443 99
2273 125 186
107 1758 391
35 102 35
2991 2650 247
1483 971 8
924 2540 405
593 1432 77
1427 633 118
2788 2883 149
1894 875 378
62 559 2
474 2956 350
1162 2365 133
2654 893 231
2976 225 51
243 2098 40
2628 1399 90
578 2327 43
1136 2275 350
2058 1265 166
2189 1727 70
1337 123 155
1144 144 390
375 2587 338
2630 2945 333
754 26 372
2928 1285 135
456 1398 235
2582 2923 224
2696 1126 68
29 215 3
1541 1915 279
440 2021 199
1635 450 364
2126 331 175
1966 1827 5
113 1342 59
537 2855 135
2803 758 258
2778 1064 358
2513 2923 83
2576 1545 18
1966 2949 153
2414 2505 104
2483 2028 301
479 2510 298
508 1172 312
284 2676 63
1 981 175
2256 2873 36
2961 1403 266
2736 2259 264
510 1371 11
938 904 373
1684 286 47
2697 1870 372
1395 1832 300
2541 1306 190
429 1550 259
660 1944 370
1100 2389 236
2425 160 269
146 181 316
2510 369 173
1719 2528 188
2795 159 356
386 1536 79
1855 157 203
1547 1680 156
2118 1812 221
2897 1412 244
1592 1338 173
1851 549 350
2059 2376 167
107 2584 372
245 2909 196
2424 2818 190
221 2961 26
2064 2218 241
379 2405 141
2967 1667 59
1090 1316 207
2491 2190 317
1204 1228 157
939 2627 106
1940 663 35
304 635 403
2016 254 175
250 1054 149
1556 1044 378
216 2819 310
1333 523 376
2755 28 285
570 2889 333
1594 1756 386
1067 147 403
39 2087 152
1875 1340 51
593 2289 322
1880 1580 391
2951 451 270
1266 2537 226
1962 803 159
2132 525 412
1314 2239 213
503 1435 61
990 1303 193
2573 727 226
2223 477 190
303 2666 138
1499 2623 71
2505 164 409
2070 562 382
511 1939 95
667 1831 386
2943 80 138
1481 1855 72
1672 2459 214
574 711 2
1537 1964 56
2548 1507 376
205 1397 383
1349 2373 285
819 2939 5
55 1159 125
1422 2752 328
850 454 97
287 1526 101
2503 1857 391
640 2015 96
528 25 388
2621 692 142
1225 1222 166
508 742 332
1023 485 384
2085 2518 79
1966 2252 84
1437 2313 394
274 2941 311
206 2127 157
696 414 327
2278 1649 59
2889 515 134
294 703 108
2069 2632 71
3017 710 55
333 606 287
2018 2984 230
1772 2657 314
2236 1993 364
361 999 182
1563 1813 223
2749 1033 133
2042 2142 307
948 157 83
222 2780 32
1153 1937 111
117 984 34
2492 2536 332
431 230 216
2752 2846 162
2652 336 101
1678 2750 199
2539 2994 306
1036 2064 177
797 2498 26
1540 2943 225
121 1387 189
2367 2864 194
2986 552 345
1622 850 281
1193 2415 69
502 2072 33
1060 2112 220
535 1127 353
357 2156 204
1259 267 135
411 993 51
2992 2597 86
1627 1531 28
1976 2945 266
1198 1315 53
1787 896 320
475 938 180
1339 595 283
2664 2597 391
2695 2350 381
1838 822 106
2017 2781 154
2988 1063 220
354 1090 311
2423 3020 375
2845 1168 135
2983 2808 319
1236 348 374
1741 2511 369
2552 79 366
1170 653 376
2739 2046 309
638 1207 331
1943 1773 183
395 1420 135
2609 2180 218
1766 2776 387
2698 2500 154
532 2303 22
2848 350 380
583 181 79
2764 0 281
2425 1981 329
442 1928 92
1743 750 309
2582 2688 213
70 2456 50
933 902 330
2821 2519 20
2363 656 355
481 2578 102
2387 2400 134
1908 1528 193
2196 1308 208
2221 1408 344
1473 2853 399
1899 1603 166
2114 2610 265
893 607 404
1584 24 271
1441 2839 367
1490 2895 154
2218 498 117
569 2516 9
2081 58 243
2993 2229 288
730 791 386
1048 1780 31
643 1352 99
1742 170 204
2246 376 209
2370 2893 26
1113 2593 188
1215 2029 271
2004 279 401
1470 1350 89
238 221 151
953 364 217
2611 236 395
566 311 17
1367 591 341
889 1011 9
1030 2991 43
797 1287 33
660 2231 322
973 1398 409
892 1174 105
2743 1321 20
2224 1648 199
1802 1925 305
96 343 12
835 2219 248
303 429 149
2341 2810 321
761 318 392
1570 699 332
2662 73 200
2895 1700 344
1021 1454 44
676 2830 348
18 43 301
2111 1864 317
2412 2498 96
1431 173 242
899 488 29
2849 1436 30
1860 2855 242
2997 2533 339
2403 1920 142
1012 1704 354
2850 1170 69
1287 1777 190
1271 950 33
1708 1896 46
2470 2896 293
827 1582 228
42 2076 246
1461 1099 288
1706 1683 359
795 1382 163
2395 2426 264
2661 1729 333
1625 2073 145
2300 756 186
300 2281 279
211 1783 165
1889 732 202
2134 365 286
1347 2187 8
2354 2583 306
1210 1732 323
2632 2215 271
1730 784 76
1414 2107 123
2870 326 234
2904 7 73
1475 398 347
548 1727 215
1370 148 329
1930 463 221
28 786 34
2404 2540 382
2866 1183 169
2164 1262 225
344 2958 90
1732 913 200
1498 2930 335
2622 2851 256
1115 2261 179
1331 845 14
2592 731 407
2342 295 270
1856 767 264
2522 1565 123
989 140 279
741 1495 14
1896 97 88
1780 1431 385
2702 1977 123
481 1227 246
1282 705 371
2893 1606 181
1862 2292 298
970 2023 223
2341 2762 282
852 1719 228
1616 5 216
1612 765 20
868 1995 341
918 2016 107
2292 2858 258
438 2248 328
2739 568 169
203 879 402
1604 624 21
1076 1126 158
1849 1910 203
2920 2949 280
53 1346 410
1159 1134 241
2987 552 243
1964 1581 154
268 1484 104
76 1353 160
2904 1130 16
1034 432 374
2493 862 356
524 698 345
2043 2059 230
2427 323 196
1476 1754 373
945 1659 312
1831 2524 118
2161 2137 235
1328 2004 129
2990 378 204
2745 267 140
2965 2673 127
1696 2963 231
388 2114 339
2155 719 399
928 2743 5
2614 258 29
1282 389 299
3020 1888 404
2646 640 384
651 1329 280
1523 470 88
650 1248 55
526 1555 263
2606 1796 343
346 1607 208
2188 2295 210
2599 2376 320
1073 384 151
2159 2725 347
1877 2262 268
626 296 126
3017 919 208
1966 720 71
2418 1936 323
744 2682 342
883 631 273
1833 2432 403
668 719 185
219 1271 139
1384 2382 284
1597 1246 223
1164 595 118
2960 2407 331
781 532 338
165 2907 401
2515 1554 43
1861 596 153
2311 1776 331
972 566 384
525 807 118
2624 2073 199
1095 1449 138
660 417 182
47 1093 395
2675 380 380
2312 2729 80
2503 305 294
1243 1334 7
418 1351 367
860 1551 35
1677 2337 329
1324 1849 104
3003 1366 124
2383 2048 254
458 512 180
1956 944 341
1348 420 332
1634 2 352
2173 1121 220
810 2612 23
2474 1516 144
504 307 408
1488 2962 394
1171 588 60
41 647 190
236 1058 349
171 2873 357
329 536 262
2242 103 393
1585 2010 383
179 71 382
1879 2037 136
2049 1489 389
302 1958 203
1106 688 21
765 2814 175
2296 634 252
55 1701 319
1737 1257 19
1321 1273 170
1668 152 18
1895 533 128
406 209 412
2151 2492 411
569 920 55
2615 2476 157
51 2170 116
1368 367 404
2146 1624 304
1110 780 349
64 2218 24
11 2216 54
932 1959 306
2875 279 11
2286 50 113
572 2031 67
1954 821 335
1509 1944 217
11 2308 161
756 2277 80
865 954 358
1052 1891 197
1127 410 74
1166 1876 188
2296 886 140
1472 1978 155
1464 2316 125
2309 456 132
2834 391 3
1017 168 301
1698 2011 126
2798 12 281
1662 2317 255
1005 246 80
2873 597 346
1897 1937 25
2123 947 44
1248 1377 126
223 2829 353
1274 969 117
238 1040 213
1627 867 44
2973 1017 198
1705 326 43
1371 1669 325
2173 451 64
2773 1209 317
1218 980 167
1744 1759 145
461 780 60
2685 1111 412
2347 1016 329
768 414 284
2237 2547 89
676 2297 28
1571 1115 26
2471 2719 265
86 1457 330
433 810 153
1693 2629 37
1307 1043 78
1650 1202 363
860 1041 87
152 621 199
1035 821 97
1861 807 38
916 2607 166
2909 2104 333
1866 2814 208
17 2140 85
1515 2210 292
2200 2897 128
1177 1519 80
222 2448 59
1280 2553 362
2399 1296 222
473 946 51
2514 2453 298
1497 3021 390
1444 2438 255
1516 1988 408
233 24 265
2337 2256 62
2043 949 288
795 305 217
1923 1224 353
757 2508 357
1565 231 356
3015 932 282
1776 599 280
2118 853 181
2280 1233 16
1005 446 92
945 244 292
2978 2254 157
1658 2781 65
1758 1093 132
2020 1428 191
1667 204 38
2538 774 170
1576 2732 196
1165 2411 32
1108 1076 406
294 2236 102
1986 2748 236
1296 2117 81
1381 1908 29
1363 2176 308
739 2561 60
1254 1104 141
614 2330 102
2785 1168 408
1455 2096 352
155 1755 252
1071 2054 50
1861 2419 61
1146 2008 347
2940 220 291
753 2163 124
2770 2968 390
551 2774 131
27 766 34
794 2805 237
691 1271 150
2588 1130 397
1924 1960 322
1021 1301 154
1641 847 81
2912 1751 18
2942 2527 93
2363 2879 182
2306 491 291
724 774 261
2242 2019 201
874 2713 173
1558 155 198
1889 198 211
2911 2568 25
2144 1031 127
121 1331 330
2326 193 295
1021 2567 115
2646 392 212
185 3018 85
124 1608 348
299 1612 390
2581 139 347
1668 1301 272
89 1286 400
142 241 108
1071 1275 366
828 682 331
1016 1917 262
2075 1702 184
592 1253 135
2783 562 262
422 2672 178
2991 170 347
1875 3011 312
2440 425 120
543 855 38
310 767 402
2739 2841 282
2880 2750 118
90 1456 310
678 421 114
1374 1118 11
185 87 12
1858 976 92
3012 1031 8
1343 778 397
2025 913 58
501 690 400
2639 2138 385
876 698 199
1039 1942 84
2207 1616 122
2408 2494 287
2416 1248 301
2835 332 305
211 347 370
484 2149 320
402 2645 29
2694 371 411
2424 1217 261
2911 2362 350
1342 1191 320
2555 1549 3
184 1072 246
2460 1567 226
756 1068 375
2648 2468 30
1405 877 17
646 2498 19
1117 528 77
2381 1182 23
609 118 191
1842 1865 326
341 1469 375
346 2718 19
2833 1244 99
2234 1801 334
2976 743 391
2095 727 81
819 2978 329
2141 2563 231
865 2323 116
1225 1421 55
2149 1298 116
362 603 346
275 1045 266
1305 2509 51
858 872 108
1979 1123 107
2862 206 330
1950 1625 132
2530 2082 159
2811 480 278
1902 1764 185
2254 3006 27
789 2790 325
1020 2153 36
2148 2251 327
2848 1670 319
312 909 127
2115 811 164
561 2349 324
1143 2208 257
2313 733 329
539 282 57
2954 2864 271
2349 1685 358
2414 449 108
994 1168 290
654 1170 313
910 2013 353
1925 2265 363
285 2540 194
834 449 100
1373 1147 404
2591 2772 411
6 174 294
2233 126 58
1516 1238 72
6 2301 105
499 2024 62
584 1154 181
385 1499 261
349 2933 204
172 1814 114
280 2504 392
373 857 117
2929 2982 11
25 2318 188
1533 2689 47
622 1899 68
2102 2654 357
698 1213 151
1959 960 202
783 2950 15
727 2868 370
2629 700 246
23 1681 364
629 597 59
1746 434 155
1152 2825 380
1275 2709 138
2967 974 200
2009 2360 373
2559 1188 325
154 2207 283
310 1945 307
406 203 97
1242 1796 109
1614 2343 23
2438 2572 400
662 2975 290
2816 100 287
1139 2138 375
2602 492 257
2710 1125 60
1889 2397 1
1263 55 393
2562 2927 388
2469 1251 254
841 2586 211
1298 2357 141
2335 2824 321
1562 1069 95
1326 13 29
346 2225 133
1832 1160 70
2437 2377 335
2995 322 311
2053 1457 92
2331 924 331
1375 801 388
2636 14 140
2000 332 3
2157 2376 393
91 201 209
2768 1771 22
2508 722 98
684 2348 210
429 2129 67
2647 881 347
2546 517 399
823 1637 79
2324 1605 364
1598 2866 23
2531 84 408
1022 1067 209
1752 1810 63
2133 69 116
509 733 328
2457 1992 157
277 2872 146
2884 1722 41
1094 2773 97
790 1413 238
2379 88 75
2665 1993 93
1949 2436 334
314 1856 58
188 2183 51
571 2202 191
4 1615 228
1312 1211 251
900 1979 72
2032 710 221
200 628 285
1009 363 358
832 2883 186
1466 585 106
2876 1885 166
555 1401 141
2799 960 133
1145 284 86
2952 2342 11
1874 2546 353
1144 1025 367
1568 812 112
2367 1480 60
54 1620 161
1561 73 355
550 2607 79
3021 288 316
843 1760 216
1827 1628 252
1851 554 46
1699 2862 312
2355 1531 308
257 1054 323
1245 2930 220
1746 2065 312
2898 2899 29
667 105 388
2490 2435 145
1824 1533 347
323 3000 141
569 2169 411
1237 1776 218
581 2796 138
762 1708 394
1150 2039 89
1717 2263 203
0 573 207
2204 2080 318
1042 1697 40
1355 812 292
1022 798 104
2430 2819 341
1582 760 95
2341 2674 209
575 540 188
1811 2389 233
1038 2996 138
2527 1157 254
395 1309 7
48 2431 107
278 273 173
2557 160 40
2142 465 365
2345 2522 24
453 1178 161
2525 540 34
795 2567 366
2757 1356 128
988 619 377
2006 1238 325
383 2296 408
2004 1998 88
1063 2120 78
2770 1208 261
1245 1 143
693 1689 360
1218 2906 197
1846 584 145
751 1315 103
487 1900 410
999 574 313
2481 2399 391
1190 2254 13
673 1547 59
2670 1783 49
1264 89 215
2937 1182 223
1346 1071 389
1840 1094 256
2426 1109 299
1294 265 277
2874 1133 219
1304 430 288
388 728 288
1760 2319 255
1494 2679 102
2531 436 285
2364 2178 208
661 1872 262
453 1717 330
313 1364 225
2827 1791 385
1512 1170 75
2949 2076 388
2673 2367 139
2285 57 364
2779 889 84
688 2904 70
994 1175 247
3013 1258 353
519 2151 222
806 1567 396
394 1525 368
1783 1181 198
2005 183 268
2130 1722 15
1325 2506 200
927 1046 316
2364 834 337
1408 2701 140
2482 132 354
112 1363 184
1622 390 43
642 951 60
1140 2086 332
1818 788 181
161 879 224
465 1278 364
1584 2235 26
2704 2891 121
2732 1854 394
2755 2329 97
970 2481 383
1554 2381 387
2273 149 406
70 1718 3
942 2615 406
2976 1441 216
247 82 287
2265 2610 198
1758 1802 346
989 1527 68
3017 903 95
1647 390 337
302 605 154
1456 1988 168
253 2735 166
166 2935 354
1634 3013 34
1712 164 327
317 2884 341
1264 2765 69
2316 311 385
2699 2957 285
2917 1054 50
2844 2351 314
2989 2883 132
1981 1087 250
1573 786 367
359 2610 318
1798 1444 104
1642 840 200
286 2113 348
2783 204 286
300 787 73
1470 1159 14
1620 2216 211
2486 1480 262
1633 1895 223
442 1225 47
697 579 96
1750 2178 296
2503 288 381
1852 2935 154
774 2150 302
848 1827 43
787 705 128
2018 508 307
1513 12 385
2854 1598 67
2788 2662 11
2467 2125 278
97 2988 354
1254 2858 97
1511 1555 306
2921 2591 102
235 1987 60
2704 1664 221
1375 1150 244
1374 2818 186
2443 1858 14
840 1386 57
34 2647 184
1655 2972 92
1503 2953 365
807 773 80
2786 984 142
2623 2603 111
1678 173 260
2097 2417 53
2948 1789 105
1228 2348 68
2895 2551 45
2001 2863 186
1710 2577 60
2998 1719 373
1073 2232 119
1108 2189 272
525 1689 139
1275 1668 370
2753 2073 74
1530 2839 22
2399 368 2
2937 760 272
2318 2563 365
69 1659 53
682 529 369
1267 1787 328
680 1724 141
1897 2508 179
515 2300 294
44 2169 34
1496 1780 277
2743 385 288
502 880 395
1889 1595 314
794 2547 285
2291 483 35
2343 1004 372
1565 1078 102
2840 1431 72
2976 2563 377
1490 880 44
2261 1246 254
1607 238 168
2580 2967 355
452 1623 398
826 2672 376
1411 1058 51
1889 656 17
262 1001 151
2386 2850 181
2085 1910 325
354 352 297
568 1637 69
734 496 68
1424 1658 196
2807 702 303
1775 118 233
2771 1731 165
150 2805 301
566 2505 166
1448 970 112
940 2917 401
1236 772 410
2695 1836 227
2844 2453 104
729 2101 251
2393 619 409
1894 2972 262
528 2342 209
2485 2477 69
1897 1982 197
673 1973 266
1167 1715 410
2683 1240 207
1602 1973 298
2367 2453 348
565 1307 120
1977 1491 398
1692 2831 47
1792 2413 43
1190 2122 400
2527 2024 89
1695 1672 188
2125 167 33
2148 1139 20
2642 1497 98
224 1881 78
1053 1767 333
1671 903 145
1534 2746 69
1815 409 84
1888 373 154
1261 2494 232
2361 1247 350
1553 1606 334
2209 2947 20
2583 1200 243
877 1824 245
1644 1304 29
990 200 294
1827 2873 95
1519 1356 10
2988 2849 251
2556 1866 55
2977 1056 358
1352 2544 71
2344 2738 98
1970 2244 195
2319 1752 329
1813 907 205
595 1064 277
2161 253 193
2890 2155 359
360 573 230
119 675 73
2115 1410 189
1555 828 332
801 2299 332
431 366 136
1333 335 39
2057 131 199
2938 3022 201
1160 1413 380
2319 893 279
1802 1694 154
2971 365 345
485 812 175
1339 2669 150
1040 534 327
1492 2179 149
2857 1654 86
825 599 85
1791 2132 339
2583 94 187
1543 527 399
1009 605 363
787 2092 166
2265 1056 196
2588 1938 154
1003 1841 54
78 2760 208
2163 1185 322
673 1343 321
1314 2398 216
1494 1291 141
761 1041 349
2610 1133 228
1429 601 103
719 594 181
2039 388 347
659 1445 130
121 1045 34
2194 588 136
2885 1002 73
1941 1154 25
2332 2883 367
2542 1167 222
1549 1416 59
3002 2952 379
153 3015 17
1610 2206 116
824 552 397
247 120 195
964 1540 252
1251 1999 33
1382 270 386
683 162 379
452 788 215
2765 992 267
83 517 336
268 2430 194
2363 1664 279
2550 977 311
1921 1956 257
404 1997 304
1092 886 21
2612 1552 281
540 2354 59
2371 2910 158
1828 1645 65
1264 1037 207
1340 2325 207
2301 797 321
1764 84 44
1389 1494 37
1876 2210 290
121 644 222
2828 307 364
1073 1647 362
1445 1032 82
1364 498 341
878 1991 354
1996 1405 151
126 71 171
1995 945 100
2746 640 386
521 1798 70
1857 1604 57
1159 2675 34
2266 805 25
988 1271 278
1483 486 309
2201 1353 95
2795 1842 340
1452 2060 309
2324 1639 218
464 2028 42
1578 886 380
187 2191 301
2874 2099 42
7 2215 269
565 2588 324
2997 2816 395
854 1362 335
1358 1938 157
1040 1833 241
1944 1024 289
2898 2856 339
1166 844 270
2161 712 302
2052 2441 347
1698 177 42
1012 1131 77
2808 1805 30
2894 2421 344
1877 2504 161
1 1125 306
1622 1958 395
2174 1836 375
1149 63 353
2325 1460 93
2657 2781 114
2510 1620 182
2958 1631 72
2772 36 59
789 752 392
315 1463 30
2755 2577 212
2956 1269 366
2349 202 162
975 2621 212
2141 1323 70
2219 2818 194
1530 546 236
1820 1270 311
1564 2259 288
1996 1712 167
2027 2249 78
523 924 359
2696 2629 274
2940 2530 180
2520 2103 63
1620 143 77
2993 702 251
550 608 6
2751 2493 79
487 477 354
818 172 163
293 1016 167
2565 932 165
505 605 406
1127 2779 295
1558 1312 82
2764 1207 250
2774 2244 36
1653 2986 101
1988 2552 287
1486 2263 261
910 424 215
1669 2565 1
725 1179 344
2909 2449 103
2596 499 255
1494 207 306
1423 123 198
2229 135 271
1962 371 120
1089 2046 356
1559 517 88
913 455 302
766 2715 145
1306 2877 195
1117 2289 241
2026 1646 19
2226 2503 103
1904 2078 96
395 1830 86
2401 920 53
554 1039 117
322 1422 159
184 940 357
2308 1005 176
2769 737 380
2539 382 307
182 1445 328
1923 2614 254
94 2460 15
2561 2168 219
1045 2923 50
282 2964 160
119 834 245
2064 1038 342
2164 1331 7
2055 2407 150
920 2101 255
1875 491 319
654 380 122
1675 177 375
2203 621 59
1225 2331 365
254 2281 320
1872 2146 45
65 1360 314
2670 919 192
681 521 167
2748 1297 156
769 92 124
1939 727 290
2587 1565 351
1661 1215 240
518 2341 208
2145 1415 397
745 1207 264
2185 2217 232
1743 2549 369
428 2225 310
298 1413 20
1356 2055 168
1991 1040 168
2809 50 255
2237 1195 108
2547 2969 6
857 626 32
2492 1443 382
2810 1104 202
1866 2329 242
2359 1952 290
2623 1543 243
1946 2374 66
1598 2213 209
1336 1842 397
2674 916 54
2068 863 370
1740 822 90
1153 2146 194
1596 1855 396
2930 1720 226
748 1783 395
1045 1324 224
152 230 278
2313 822 331
1417 2620 42
2037 1719 91
2235 2237 18
685 2754 49
2172 2224 6
1589 2810 113
68 1352 92
116 1722 53
2653 1254 373
880 667 119
1818 2045 75
2455 2651 284
858 2165 270
629 56 203
12 803 232
1091 540 20
205 889 184
2577 1616 176
2946 1354 216
2446 1829 235
1757 1605 30
2236 956 280
1797 2584 107
1989 389 105
359 2769 117
2583 2672 8
2319 2440 223
1079 2675 273
2895 2086 241
1700 3003 268
729 2234 325
416 419 208
2654 2650 224
1640 844 253
2201 488 283
2971 2050 41
1650 2757 211
1433 153 187
1565 1359 10
2497 1641 1
955 780 127
136 968 115
682 248 101
0 2254 409
2833 1201 206
960 2259 220
2952 140 283
2282 1631 7
684 1696 4
1022 2921 251
2637 1701 122
1874 2724 319
1292 410 282
1578 1507 286
1271 737 202
566 677 72
1348 2947 404
1016 2382 31
539 1972 90
2505 2843 260
1005 1194 335
1993 1939 19
1507 476 76
1225 549 372
893 2 358
1636 1897 272
2365 2867 234
754 2938 397
724 2344 181
1754 650 375
2231 1767 88
244 2402 283
2745 271 224
1544 1504 197
2777 1768 219
1726 2585 69
2380 803 67
477 2990 379
238 354 171
2693 214 265
565 1787 198
1364 1601 363
2011 1329 162
2904 559 43
2248 1533 128
118 2980 367
1630 1724 387
1876 1372 10
1261 1202 272
1542 2991 107
1654 2407 369
1231 2383 336
824 574 140
1390 1367 284
987 2618 129
2399 1010 9
2617 2173 235
1869 1949 144
771 2272 303
2686 2337 222
2754 2109 97
1312 756 235
2443 1895 197
2160 246 10
2089 2165 262
203 1523 171
1922 2789 93
2251 1272 311
907 485 133
415 2709 204
876 1617 250
2879 2915 11
131 1656 180
952 2060 227
1973 109 228
5 17 71
2393 61 151
42 1758 238
3013 2012 405
1785 807 59
1702 423 335
1626 416 28
1395 839 205
2125 1319 312
1290 2713 325
867 2327 206
1239 233 395
319 2012 222
1840 571 29
1468 2864 160
2385 1096 302
2159 2113 406
541 638 226
1120 2321 21
2776 57 223
1146 2242 290
1862 2198 266
2940 1899 171
2869 22 303
1853 2895 52
2529 318 147
797 2762 15
87 2330 237
2074 2557 190
376 1671 403
1750 1863 375
1987 2704 117
1108 1675 260
1184 3007 48
1818 2688 193
475 621 278
2798 1378 324
1003 2391 217
573 2859 360
128 1723 130
218 2572 292
112 1292 313
64 2155 340
1203 2855 129
2631 1315 343
2145 626 39
2101 582 165
2807 439 197
120 617 27
581 303 356
2998 2079 384
2921 2009 232
2358 1031 389
912 612 357
629 1046 116
422 891 318
325 2312 346
1258 1352 356
128 1585 198
1362 1014 219
207 1133 113
2240 1300 353
2095 2009 74
2956 2350 165
2661 2114 198
2889 1666 381
1429 1078 138
1731 2710 19
2374 1881 219
907 881 242
1703 2462 98
371 648 39
552 1729 309
339 737 253
1113 2108 37
1314 2461 322
1921 889 229
1612 2704 222
2472 197 55
728 1301 409
1306 675 309
1802 451 336
1504 2557 10
2655 2264 77
1986 1316 137
2365 1807 231
1604 500 273
2173 619 222
1659 2697 305
183 1801 169
690 462 248
2017 1010 32
1287 2213 184
425 2662 405
173 1089 302
1710 2377 55
2805 2880 62
2842 1444 290
2355 2754 206
1699 366 51
288 2156 247
1501 2389 117
1298 2955 310
2876 2359 338
2124 1468 402
2363 2059 380
2233 2865 54
303 2289 316
765 2256 179
2674 1608 109
290 823 301
1269 1343 291
358 2113 330
2904 2268 385
2050 1592 286
2106 435 281
585 2047 174
1066 2164 238
164 903 285
2062 971 411
610 2100 28
1685 2296 189
2793 74 63
895 282 385
2093 279 240
2606 327 255
541 89 248
1510 2213 205
2225 2069 246
3020 2277 333
389 1624 260
2900 1690 149
1344 278 367
1185 385 244
2748 1015 338
2808 2377 409
1950 45 69
984 1675 236
20 164 386
2800 1608 156
2519 2376 221
1911 2881 201
1669 1181 253
42 1553 263
1328 2514 1
2087 2866 48
1044 25 340
426 2193 102
284 2821 91
1789 441 383
1629 1595 17
1230 1574 25
123 1657 332
117 2522 277
1507 2606 7
2286 565 300
908 581 409
2859 1413 67
2344 1398 126
1503 2350 364
1692 198 170
1786 1668 96
1344 655 281
2765 2773 110
1403 1568 70
153 1996 256
2876 1460 254
1847 1752 30
63 1491 22
305 51 36
928 1763 207
107 369 55
2652 278 49
2599 1143 309
647 79 230
1741 282 35
51 950 189
2006 506 279
1675 2667 334
735 759 243
2911 80 26
1553 2039 73
2135 1501 187
481 1376 115
1638 2796 325
1640 555 57
1360 2545 154
1359 1209 194
15 2631 100
1086 1509 93
1384 2126 20
1319 2097 315
305 258 199
1535 670 10
142 1641 334
2319 2836 217
1091 2297 189
2312 356 280
834 1396 70
2844 198 204
1442 2962 102
1098 2182 107
1430 1716 182
2645 2642 319
1874 2597 393
2628 1791 104
1469 2524 16
2284 2874 318
84 2313 78
336 899 183
2927 1010 317
57 2646 171
1803 1366 385
478 2662 45
1478 679 50
1333 496 163
2329 1760 259
381 2493 241
2096 2116 242
2535 2906 336
2374 2555 217
36 754 252
606 1525 85
1509 1139 115
1588 412 365
1402 1791 243
510 2087 42
2629 1979 79
3023 595 1
1928 2336 17
2674 1414 6
2907 26 170
2766 348 176
1967 542 385
297 1332 206
9 1456 331
2670 2319 17
2003 2827 134
2950 604 318
750 2250 308
2720 1626 41
180 2800 86
2842 2970 189
1904 314 360
638 1426 219
1859 2872 74
1526 2233 133
1181 319 230
2299 2835 247
977 1848 197
1452 73 99
2253 1304 337
2883 1694 296
1794 1434 370
86 126 124
2861 2255 95
1869 868 220
1884 2078 332
1936 2028 277
649 2561 90
1663 1591 151
1203 655 77
2071 1195 294
894 853 335
2236 1631 202
2859 2976 282
2852 819 347
1122 2122 295
829 2304 167
544 15 271
1300 1018 406
2212 456 111
2155 1018 35
1332 1452 112
1993 419 305
2957 122 189
2441 650 259
2850 2395 14
696 1925 257
2451 1189 157
1107 1133 290
2655 471 143
2589 622 172
1530 680 404
1581 1344 188
1059 1436 364
1811 425 312
533 365 316
491 2005 79
3007 2637 135
2946 2396 62
2478 906 7
1905 342 129
9 507 26
788 458 79
2454 2846 343
79 2469 266
2264 2770 12
257 2628 56
2192 1733 264
1794 2386 170
699 78 270
2766 1803 107
2367 727 217
2450 2243 23
475 1591 274
1072 791 345
351 1069 337
422 1864 111
2203 1856 385
1753 1093 331
2295 2093 80
2701 998 298
1985 2061 27
145 834 119
995 744 213
1172 2305 338
2875 954 91
295 350 132
2022 2107 114
1602 717 106
1401 2209 396
2264 2271 346
2379 1350 237
2786 1630 192
885 164 56
546 360 232
2353 2281 76
2458 119 345
1115 2616 79
1434 2506 357
419 2730 153
2550 2261 210
2050 1453 159
397 2164 54
1075 869 263
2343 2357 46
181 2136 333
995 640 207
2678 2211 262
2314 986 200
16 557 346
944 1029 360
974 1599 159
885 803 224
1048 2496 351
47 2130 77
259 1508 145
847 713 405
2040 324 308
541 19 112
754 2668 375
2761 1134 119
2869 672 3
1162 2410 198
533 214 1
1855 2888 392
2510 469 57
2796 2677 227
2250 186 259
271 844 196
674 1771 343
2916 2046 52
1355 201 365
421 1353 134
299 322 249
1823 1329 336
2872 1803 179
2846 2116 398
1983 2338 391
2740 2144 336
1349 2017 331
752 2991 73
2891 600 167
569 2487 53
448 2056 160
2511 2439 221
1956 116 187
1534 865 405
1980 536 3
1511 900 10
394 312 288
1597 1530 38
2191 1659 270
2762 2096 174
2394 2149 202
2091 2456 317
168 217 395
1759 799 240
1204 2721 154
1632 1196 310
1639 983 147
1001 2398 163
1212 1756 320
512 1635 143
2697 2597 140
463 2420 383
1073 2069 174
580 746 405
2057 1805 296
1366 2989 307
1279 2805 121
2285 2352 136
2039 2672 202
1220 754 377
878 2727 18
730 1784 170
625 1902 308
1592 1491 13
931 294 226
1491 2664 55
2038 2513 341
436 987 370
2083 433 374
1001 1574 82
75 67 18
1837 1965 259
61 274 204
628 334 208
317 1441 110
2241 53 103
2290 444 183
2431 1977 195
776 2450 32
2461 1268 202
2777 2099 182
1867 1677 170
1245 2926 238
1641 767 18
813 2703 263
780 2616 296
1823 1138 111
466 1293 169
1277 1568 329
492 2004 79
2778 136 109
2619 1042 118
105 34 236
2604 2871 368
1818 1754 32
881 2834 12
2259 735 379
944 2566 336
832 2054 280
2420 2374 206
55 1742 55
1998 409 325
1146 995 243
2354 1917 353
138 25 271
1573 709 34
2986 1865 122
762 1744 357
696 385 36
1832 1932 327
121 2853 62
1080 297 147
802 2765 141
1912 207 262
10 2303 140
1960 2759 271
2383 1145 4
2757 1829 28
2724 856 91
2360 1101 115
1817 2529 320
2350 1206 108
654 1722 318
2009 2889 24
2343 2321 120
2760 171 48
363 600 206
1787 2341 144
1602 1739 32
443 1207 368
760 416 202
1607 2013 26
573 1298 214
2102 301 312
1207 74 137
993 2845 133
2607 2934 274
1548 2895 165
1688 1416 194
2520 2263 182
2970 206 289
2243 906 273
738 2568 334
1504 231 74
2243 1885 37
2542 1950 194
2482 1676 193
1808 2047 270
1098 2300 240
2676 198 14
78 857 114
465 1223 82
1262 1336 404
214 2535 138
317 1975 199
1168 1223 108
70 1768 302
1730 2032 226
947 1787 393
320 2718 92
2785 659 188
729 1320 127
1324 1613 138
766 2315 74
2743 346 270
1568 1996 210
2507 1294 4
2180 1333 378
237 385 268
1057 209 343
748 2825 261
955 2687 318
78 1779 26
2034 2156 7
2776 102 66
959 2886 361
1147 631 245
2030 2561 204
725 2646 220
1069 2686 295
1884 2152 410
1804 1262 387
563 536 301
2636 2634 13
1873 467 318
2953 1338 383
979 2068 357
2721 1693 170
546 1547 353
1534 148 240
2993 2726 160
2525 1489 404
1099 1548 180
1095 2763 205
503 1939 219
1542 628 1
2585 178 368
2874 808 205
2628 867 403
2952 1635 152
506 1064 167
2341 2964 178
2403 2061 42
624 537 336
1020 1615 393
2664 2325 140
2100 2044 330
1853 134 251
1517 2103 293
1680 736 65
1447 2149 334
822 498 41
1983 2218 345
352 1193 112
1467 2518 269
168 1467 13
2127 92 293
1532 36 141
91 2546 258
2926 2960 130
2438 1944 132
691 1125 118
2481 2361 267
392 749 98
709 2071 378
1797 72 309
1407 1762 393
80 67 173
2345 2240 172
2934 2023 191
1097 1588 138
1208 140 258
294 873 346
508 209 106
1108 1270 278
1850 2062 90
37 520 201
76 2854 261
2436 342 282
259 2419 58
1537 1443 338
1477 2573 9
532 1945 372
2453 2390 360
1106 1362 252
396 1050 115
556 1193 238
2491 1464 229
2349 1445 46
833 2483 30
1142 1457 153
2128 759 255
2683 1451 232
497 1566 346
175 1481 87
2187 1390 311
2576 1379 332
1282 321 272
574 681 11
853 1011 28
2685 1379 197
2956 629 262
2832 858 169
1334 2647 121
3 490 198
267 1424 174
267 209 183
1278 460 324
2896 1050 66
2971 1477 10
2228 1811 64
2459 1651 197
418 2944 103
2135 2752 124
1947 2271 156
2821 2594 373
211 1087 230
542 310 107
1595 182 157
2680 764 22
485 2 371
1288 987 117
1722 2582 371
766 2092 355
98 961 212
2841 1557 404
2579 2449 121
1625 178 299
2627 2054 182
2199 2208 320
563 2829 18
907 2844 132
2759 450 163
1690 476 135
1466 2306 134
2168 2972 111
421 574 38
754 2187 101
2732 1719 387
1376 1749 344
1261 465 310
381 451 33
1505 517 11
1775 2147 276
1286 2453 288
1686 1565 234
934 439 26
1176 590 377
1151 2894 280
166 947 171
2183 1362 49
1991 467 206
841 392 342
2314 5 27
1454 144 403
2502 1428 351
1178 619 79
2675 472 30
534 2984 7
385 2244 26
770 1791 106
2577 524 93
368 1110 30
2450 2732 278
2437 1995 168
2835 2561 162
1447 1836 115
111 264 378
2831 1368 17
1139 1164 406
1541 2549 25
452 2017 140
2392 2820 45
552 2464 379
2887 1032 161
387 110 87
1324 2322 354
1773 498 219
989 44 29
1122 2963 304
1715 343 251
1100 1796 238
2638 1445 351
211 2370 224
2003 2295 196
2166 103 385
855 936 203
270 2638 323
142 2816 85
294 1840 10
460 2972 116
405 1297 228
1790 2215 314
2587 2951 154
2603 968 11
2620 970 9
1523 318 373
2298 405 187
710 2528 340
2271 2514 38
2092 2802 242
2179 1266 78
548 1171 259
2071 2463 177
637 285 391
852 2430 325
2434 636 201
2142 2544 361
2110 709 139
473 1503 171
390 2888 271
876 129 295
484 2071 326
988 1273 333
2785 1981 158
1549 961 136
2894 2741 5
2134 1016 44
1685 1264 71
1100 842 310
755 2151 52
2809 1475 24
2167 1720 2
846 1705 46
116 1669 155
2354 1873 292
1103 354 93
719 531 231
1465 1598 44
2967 2383 231
1638 1819 245
2779 2617 256
2685 871 250
881 2892 383
619 539 323
2992 583 351
2626 1189 199
1507 446 88
1020 2598 167
1349 399 79
468 2251 317
87 1412 358
1028 1155 219
418 2292 360
2868 470 186
292 2000 300
1357 2219 406
2389 1404 13
2845 2577 224
1278 2898 394
1565 2105 206
2018 2271 361
877 1063 126
202 2258 377
56 2 204
2342 2386 37
270 1740 156
2405 1518 130
981 1254 1
2402 36 120
2693 2322 381
2142 2277 178
2086 1466 135
1037 2378 27
2343 2262 243
1086 591 232
2981 1095 309
2309 395 172
1371 1880 195
2143 2681 106
2947 519 219
1452 1740 287
1337 305 227
2265 2292 396
768 831 166
1077 1930 128
116 2271 280
2054 1708 159
1143 2152 60
2551 2444 401
958 1952 345
794 682 412
2059 43 246
1877 1607 298
2905 1831 272
911 1481 47
1162 1840 86
1092 2861 329
780 1536 368
2001 2828 293
2698 487 313
1789 2184 129
285 2075 328
1646 1350 350
1001 1663 268
1030 2733 123
909 1700 36
2862 1651 30
1722 1254 197
471 1413 376
233 2967 408
972 1576 301
394 1854 271
2507 1306 379
1489 71 410
257 593 105
2143 2716 181
162 1921 292
329 2648 29
2977 1689 362
17 458 403
2138 1280 94
1899 194 307
1961 1636 32
1988 1041 68
2040 2512 191
1658 755 221
2005 204 270
2857 906 323
2636 1998 204
1218 1309 13
1148 246 384
3022 1724 346
106 1506 389
157 229 206
1421 470 75
2442 252 402
187 539 101
1990 1573 7
25 2531 348
2807 1354 343
1911 1135 297
2259 188 211
729 2857 28
591 2796 246
635 1338 119
2787 823 29
1642 3018 267
1634 1800 232
370 998 108
2815 1355 37
253 1034 176
820 2210 336
2888 1335 3
775 1109 194
1979 1711 356
1457 2731 364
94 2080 254
1652 559 370
1231 1729 128
2671 2971 280
84 1507 320
1113 2364 192
1679 807 23
2550 1303 364
2105 1967 95
900 2817 220
2557 935 375
2223 1543 393
525 2340 132
1980 1278 108
968 2744 404
1886 2049 11
1542 2251 110
383 1822 132
1664 1736 88
2044 540 382
2216 1240 262
2301 1082 282
949 2738 372
1413 2402 125
1013 2866 37
1727 1127 201
2975 1871 155
515 773 139
1140 283 115
2946 1963 345
548 2866 151
1877 2143 174
1529 329 400
1512 109 3
1606 533
783 35
1988 2044
2986 1474
403 1293
74 228
2562 185
293 914
339 1295
190 2006
388 2076
959 1113
472 535
2246 2960
1486 2855
990 2195
2648 97
864 841
540 2502
2119 1839
34 1386
1777 559
2456 1564
1776 1200
991 2120
1233 2909
1484 2263
225 2884
2258 331
2552 3014
1028 1495
2792 1153
648 2378
2304 1815
2976 2368
2185 834
1366 2616
166 936
829 2763
1410 235
223 2818
1699 2116
2170 290
641 1944
1777 2608
2516 1646
1182 2944
1824 30
2150 2593
60 2964
1549 2388
2727 10
873 2402
1782 1048
2765 1057
2420 396
1809 351
644 1505
727 2222
221 1623
2154 96
1979 2755
1487 1843
957 598
811 2985
1736 588
2832 212
1069 1240
838 145
1101 329
2840 163
1552 1625
833 1172
2091 1824
2609 2081
2275 468
1337 2322
3009 2199
2503 777
427 2723
1751 2964
1505 1572
96 486
967 1038
12 1424
1693 867
1967 2391
2711 2735
1791 453
2277 341
2866 372
799 2183
59 615
649 1634
96 2491
2642 1765
855 931
1142 2707
2115 1199
2956 1808
167 1165
511 2709
512 821
1940 2788
862 210
1215 2247
2449 1436
1883 2047
592 2885
1654 1123
466 2567
1071 1830
1651 1620
763 1309
2376 2673
276 866
854 863
398 436
2683 1753
2283 105
135 1382
2244 1016
1771 529
1686 2758
1003 298
1124 2034
2767 2457
115 2476
252 880
2341 1889
303 1797
1871 1898
1254 3023
908 2416
1171 2084
1477 2353
989 1262
2166 2836
2362 1437
2193 2696
688 392
2435 915
465 984
914 2663
33 1598
424 1471
2877 2728
2332 1368
1040 933
2806 198
342 1430
1081 783
1239 239
2066 1544
719 2603
936 2165
1437 382
501 1891
271 1794
1972 1213
2935 110
2194 2598
2902 2022
2276 2154
1233 1280
25 1056
1795 1401
2745 2942
2352 674
2141 2168
780 413
2357 1413
511 750
463 1486
1528 1613
1938 2493
805 358
1429 2589
122 1950
2027 2206
708 1493
118 293
2818 2473
1319 1807
474 508
449 2596
2152 2215
2215 771
2310 399
1456 2206
1313 2539
118 2393
1644 1660
2481 428
701 2737
1363 1270
1459 2996
943 1690
730 744
1153 78
1639 1231
2452 2944
1015 2812
2710 499
582 2443
2795 798
2241 627
1327 1654
144 1594
227 652
2914 879
355 1370
1126 1239
2520 2585
326 86
1954 667
1220 1446
2131 644
755 2015
1271 795
2532 1071
1104 2591
1764 795
2953 2069
2333 1786
1836 2839
2415 1851
1810 1827
2093 229
97 1429
2108 1938
177 1951
1590 651
1719 988
1269 818
2903 2664
87 1841
2767 2673
488 2044
1027 2545
1082 646
1628 1782
2246 2932
2725 309
1264 1344
2553 1000
1855 912
1687 2287
563 1426
17 812
1158 1203
2054 2088
2596 493
2830 2934
1350 2740
3008 1910
495 2169
2501 2649
162 2756
1472 645
679 1708
2367 132
2658 2789
28 2365
2808 282
924 2883
2008 3006
2094 391
463 1911
580 2668
1958 1922
838 2425
255 593
2673 2590
466 491
495 494
553 838
2666 1581
617 883
2149 1442
1801 1208
2948 828
575 907
711 479
1636 2503
1960 2267
464 595
1859 2872
2484 408
941 465
288 1634
770 999
827 2391
2640 2247
2737 2740
1476 1370
2067 1965
127 1236
2691 2375
1560 234
1793 2157
2100 2071
393 1361
2039 2978
794 2570
1050 2010
1734 1820
2365 2536
2172 2923
2612 2652
2344 191
1536 2570
485 941
1408 1184
2052 2800
4 2681
2319 2079
1978 754
1372 77
865 934
2807 2692
1122 626
405 2934
2490 2260
1927 773
2218 2702
1631 1116
825 166
758 344
1870 910
2211 139
2175 1546
37 1488
2143 1857
2345 707
2191 1890
1641 144
2010 445
993 739
1551 2810
2832 1220
2744 410
1164 735
2358 474
2910 659
1864 2162
15 686
2250 2527
1580 2291
1613 734
1724 102
835 2304
1368 2897
263 1645
1681 522
22 2036
2658 2848
1246 604
2580 1980
1186 1762
956 2433
904 848
735 1006
2458 1126
1897 305
715 2326
2081 2703
2108 762
2946 1616
1222 2015
1638 2987
277 1392
1776 2156
421 2155
831 2849
901 1738
1885 2524
2047 1473
1302 2547
126 265
1369 2006
1855 690
1657 2827
2399 1047
643 1602
1173 2523
232 1627
1874 1759
2377 1887
694 217
1426 621
677 187
2960 591
2759 1192
1147 2849
2586 803
1578 2028
2093 1832
2515 1445
2534 2434
282 2228
1457 1449
2972 2135
1321 2812
434 109
1602 673
2603 2768
2962 2349
2480 1150
1799 1268
1221 1396
745 2767
1355 1250
1075 1333
2475 740
1296 2115
938 223
2156 1767
2051 269
3007 312
310 1410
621 1183
1292 831
2786 998
973 2902
2354 2255
1624 762
2533 505
1998 2045
2874 2385
1827 2027
221 927
2778 2428
1961 910
735 2469
913 174
1119 842
1380 2821
2147 240
1290 2178
1898 2145
656 2577
836 1339
2573 21
1263 1518
232 125
2989 917
479 2502
2236 1720
2581 2839
1908 1677
2062 2742
1120 1547
1846 1180
62 2202
948 2215
1147 2998
726 862
2064 896
1684 2962
1772 1463
1974 2976
1798 499
2471 1748
813 851
1143 1499
3014 2031
1605 1155
1477 1564
169 2054
2232 1594
1913 2597
1767 1766
730 1902
1141 1798
535 1043
1140 604
2226 336
1009 2339
1332 1776
506 2785
1192 1393
1597 969
969 1868
1921 380
446 2040
1742 2125
2085 1565
2119 52
2495 290
936 2087
144 2345
1229 1738
361 1398
2887 2307
52 563
224 2055
1961 981
2694 2996
2107 2347
2826 192
1015 1245
2202 47
506 942
2049 216
900 987
900 920
498 2071
649 2031
2136 1876
1739 2780
1929 17
1992 1013
1684 980
1024 1116
761 2692
1063 711
1421 951
2944 1205
2362 2251
1659 1274
2364 733
1564 801
2217 544
540 1777
793 1480
308 2203
1737 239
78 942
168 101
2826 2285
1883 290
422 2868
1459 1710
2388 2722
1077 466
1343 2665
2127 1091
2200 1015
2500 799
2089 480
1773 633
2894 1366
2736 1468
2446 1593
899 240
2881 162
1832 1371
1539 2532
1578 1952
2385 2226
1819 1938
1038 124
1666 1293
568 1239
1663 2190
2080 571
591 124
2166 264
860 701
2271 2118
2935 529
511 1521
2419 58
1441 375
2741 685
1232 895
1749 654
1688 1077
170 1505
2520 139
815 1041
991 1675
2943 1625
60 2741
1849 2129
566 2576
517 1631
2086 850
1108 1400
2420 1666
1767 858
805 1403
795 274
1093 3015
2477 2268
1117 1315
2406 351
1108 1109
1508 1248
2247 1283
1340 1424
2777 1160
391 1648
1204 1370
893 2367
1009 2437
1454 168
792 63
767 2524
1460 1963
1161 1555
239 201
1791 2511
1663 2193
2543 930
1848 1359
1103 1214
1132 545
2820 2270
258 784
1715 2481
1306 695
551 32
1502 994
1564 852
1422 864
393 1240
151 3008
389 1044
84 1761
86 960
1075 1946
2837 2017
313 79
2542 1107
376 2460
1806 2112
1013 280
1003 615
587 259
2732 1497
797 1381
1227 848
153 1876
613 208
2336 2234
2757 2733
2152 2893
2681 122
1409 2090
2962 827
1349 1423
1623 2222
2790 163
1372 502
1555 2106
2010 1623
1014 866
1767 2466
2204 1128
751 876
2708 2954
2664 1785
2702 179
2785 1702
246 1495
2395 2559
86 2919
1710 1088
1056 2173
413 2077
1194 1561
512 2894
779 1560
1635 819
830 2473
758 1409
1697 1858
1100 2390
639 2038
1864 1994
1506 643
966 43
320 819
1968 2010
2888 1845
602 961
2306 405
2276 1722
1698 2818
2392 921
717 2449
439 883
185 1776
2777 1188
2531 1250
857 2892
2762 2472
1156 1158
2986 2834
179 79
1934 2187
1480 2094
2644 555
765 451
1100 2670
2803 229
1941 1177
925 140
2187 2646
1409 2224
1025 2523
1548 924
2689 512
2831 2443
1602 2343
2476 2980
1956 2109
2955 575
2028 1562
364 1167
442 2169
2461 2610
1442 2148
1787 2694
1658 2697
1092 71
2002 203
1532 2623
2663 86
2873 717
907 723
1217 626
1672 2410
2035 130
1105 2695
1493 2594
1149 959
949 2115
920 3009
909 20
2775 2027
2093 991
2169 2023
1666 573
2505 938
2598 13
1126 707
1102 2424
2315 1159
1428 1488
2616 551
2276 416
2550 1072
1276 1561
2990 473
996 1853
568 732
1527 1365
848 37
1603 1177
2536 2062
2723 2269
2838 87
2396 2242
2449 934
2898 596
2193 2578
1833 613
2927 1374
1640 661
1047 35
1309 2400
2543 643
2041 2112
1388 1184
1205 222
16 2790
1147 1082
2310 2794
2467 956
2595 1552
583 229
1966 2232
207 2965
2462 1766
1086 2499
1072 1113
1388 2347
165 860
1905 2642
395 70
189 2715
635 80
2913 443
2533 2938
2493 2578
3022 651
473 769
2338 1194
1960 764
1962 810
1366 1883
713 2663
2018 2632
89 2020
2717 849
228 1150
1730 163
1582 2457
2588 1864
2435 2134
2188 1789
1999 2232
2646 2849
243 2380
1465 2849
2039 2487
1578 1720
1611 867
479 803
1700 234
230 2342
824 1398
1984 477
2390 2216
2244 2195
533 197
2568 1308
180 2081
1307 321
1086 1335
341 255
316 450
2508 2971
201 2668
1830 383
1968 2656
1224 1317
1951 577
1326 2075
2910 2264
9 1536
1859 2875
1260 2153
410 2987
706 201
1399 858
926 239
316 2131
2616 33
357 45
2221 1822
2382 1125
55 2150
1454 486
2310 2101
1732 1044
1563 2774
2634 1790
2115 1831
832 1110
862 2256
1912 336
362 2417
1480 1869
1320 1319
1680 2805
191 1736
752 122
1027 217
582 965
2220 293
1345 2674
1954 448
1688 0
1881 2699
2038 1104
1349 2758
1572 877
173 2672
2208 1647
1713 858
2897 2109
2992 530
1068 710
2618 1131
1339 2233
505 153
448 2373
106 324
1958 756
739 1670
1224 239
1596 2020
1057 926
1540 2328
125 2178
2094 2810
2736 753
1370 1540
145 2269
1428 839
1053 2218
1780 1278
492 2861
469 2859
2997 2861
2555 2592
2240 2446
2870 2844
1012 1002
1746 2406
425 2494
118 1484
1089 354
1465 915
648 2799
2863 464
609 1768
2253 1926
1019 2369
385 2090
422 1840
2396 280
1394 998
1980 29
1272 1519
84 2797
1566 1733
1237 2235
2385 2086
2157 2222
2296 492
2120 1919
1829 1454
1069 244
288 2777
2882 2157
1884 2408
1723 339
209 2092
785 1303
2875 1357
182 2765
2767 472
2476 1799
2674 1814
2546 2732
1480 755
2837 130
2827 2134
571 2093
1330 59
2121 409
71 1325
70 1798
59 958
394 4
1646 661
106 2563
2894 32
1805 527
918 1689
1327 2421
794 415
149 113
2925 1239
451 770
725 1919
1688 330
736 157
1163 1215
1869 2744
1380 643
2253 1429
1361 2405
1671 0
1776 2477
2804 1582
2968 1197
2383 614
85 2710
2870 2939
2512 447
2491 2166
1273 1924
2858 1368
2787 720
1908 2071
2639 2622
460 292
1540 2141
795 2541
1503 1649
3006 2863
2533 626
1071 749
482 2133
1220 1409
1413 2297
8 1679
557 2000
2044 1180
865 1315
275 1293
2371 729
1955 1569
261 157
1777 705
450 471
2987 259
2955 1785
2108 2401
1248 2025
231 991
2880 2509
327 997
2421 501
1553 2118
1545 2570
315 2722
2561 2067
2750 787
2341 903
766 1690
433 39
1541 194
2955 95
681 384
1246 2287
280 1827
2332 1565
1054 858
2208 976
1268 824
173 1696
1955 459
2766 1864
926 2081
2870 2201
441 1240
2905 2161
265 2295
1652 2992
2687 1699
1395 962
1377 2220
1340 329
833 759
2097 372
1316 1402
1040 1491
773 1720
455 2017
1618 601
2119 642
2093 838
2820 425
1144 2015
1844 395
2925 1052
1033 1051
581 354
2535 230
1065 735
1675 1886
1950 221
1300 372
1523 2671
1761 800
303 2708
635 736
1605 1407
1602 2001
2522 2054
424 478
1301 1429
2573 354
2620 2013
1431 949
2565 2603
0 2579
542 2264
1439 90
1750 846
218 965
140 1437
198 1949
2833 1250
637 1380
2786 617
726 1525
2129 2174
1492 2759
449 1399
981 2567
1433 502
248 542
1563 169
1722 2603
2130 1994
2795 1558
1548 1329
2095 2222
1997 566
1618 762
1275 2669
1801 2726
908 532
2219 3
1742 2949
2505 2276
1998 1027
698 2829
610 2914
1886 1972
886 1469
414 1922
1933 502
1793 2315
2638 1701
2263 1951
1673 2974
1229 710
1988 404
1596 2352
2994 2912
499 1972
2419 138
364 179
968 2665
2147 1394
1030 2126
2589 2545
2627 219
1161 428
325 851
392 463
1700 1199
1058 489
553 924
1314 2787
1807 1190
1866 298
1910 160
2508 839
911 934
1534 539
69 1606
952 1583
923 572
1853 1197
846 676
2853 565
2483 2856
2053 1402
1123 1351
2506 1669
2400 285
2146 609
1055 1603
782 2235
2753 2017
1278 944
1055 1413
874 1213
1106 2922
48 732
466 902
454 2492
1198 1378
1701 701
1729 2635
1695 2677
586 2105
2910 2880
230 2650
2813 588
1637 1091
1445 2760
587 2837
2533 1769
1829 2417
162 2048
832 1197
2077 2215
458 1416
620 553
478 2459
46 437
2125 481
2216 1282
2444 79
611 2852
641 469
1737 1497
2556 864
1013 1729
2480 2689
820 2890
1309 2166
811 2695
423 56
1691 1478
1301 2189
1257 2298
135 2499
1143 404
1665 2082
453 866
820 1383
369 1758
1486 1898
2126 2212
914 283
199 2571
2561 2379
954 2796
2694 1545
619 2469
813 2277
280 2084
2795 2598
204 389
508 2642
1994 480
2687 2694
818 2141
3021 594
1485 2614
1762 792
1787 2811
386 783
502 253
741 1756
2639 1321
1765 2893
1337 2715
2077 796
886 2600
2821 2833
1525 2775
1633 2063
1350 1233
2749 153
416 1521
840 2399
2230 1756
1453 399
1460 2124
417 3000
1726 457
631 1883
1088 2515
2947 31
2963 2209
2166 934
774 1063
244 1498
660 2088
2586 1150
2643 135
181 1317
1504 2013
672 2320
1886 2333
2103 947
2810 2940
690 2169
2399 1788
728 2803
980 2796
1779 782
2679 2210
154 1644
1682 2709
1078 687
1868 1387
2409 2461
2271 2420
650 1319
2419 206
2548 2225
2569 647
2045 2339
2937 1581
1296 1640
1347 639
2172 747
312 2154
348 984
1649 616
1851 2959
1390 2253
816 1749
2796 1910
2698 2073
2930 674
1908 2583
201 676
136 1038
557 2073
2062 146
575 46
2668 1419
874 1884
360 596
816 695
223 2966
2222 478
3021 1758
1203 146
305 182
353 2779
1959 648
1090 881
2231 56
1555 2314
810 2196
1556 1794
2342 3007
1411 3007
1735 1528
238 590
284 1958
1537 1757
1203 1646
1362 2355
1041 860
204 2882
890 91
169 1967
327 2925
651 1212
1250 1360
2572 1114
2428 1847
2999 85
601 54
2239 2482
2201 302
2442 68
1836 2609
1237 1675
2908 2570
2736 408
2965 1549
81 1812
790 2123
1526 2517
27 238
2090 1512
1998 2908
487 509
1092 326
121 2068
1731 2770
524 2553
1541 875
449 1111
1475 2345
2131 900
1164 781
2217 1242
1498 2640
1074 1962
2505 1933
2618 1599
1486 2607
159 745
1131 1369
2577 1520
2222 593
2295 1461
98 2972
1668 2762
188 2940
371 442
1167 1453
1167 745
226 1943
1186 1188
1556 2736
463 854
1719 1021
2643 224
2894 571
1246 1003
2084 908
2410 397
2689 2762
2573 672
1071 17
1222 1403
1719 2512
2070 2868
1261 1238
592 1526
637 2262
1706 2502
53 1602
1533 2077
1072 1647
2370 1006
2457 2527
2596 1977
2820 2844
2128 1419
851 2522
2298 1873
95 2533
2261 1836
775 2768
905 2309
2078 2849
1979 1712
1800 926
1382 2799
481 2515
2773 1999
2269 2156
782 2704
1649 483
186 2089
396 364
1301 72
1621 1066
1701 2262
2848 2704
1430 1162
753 1366
1746 2559
949 1396
226 332
2663 1798
2817 1593
670 273
2908 2960
1750 244
2376 1089
1914 1694
2220 1430
413 2752
1606 2851
2042 1107
248 167
677 2568
50 180
1214 929
1434 1195
2157 734
2876 2649
2127 195
2708 1562
2880 388
97 1515
823 66
552 1387
1373 713
1024 2936
349 1698
1667 1793
2358 450
670 1629
31 1773
342 2527
1301 988
1396 622
548 1580
633 1620
2400 2247
2983 2787
1022 445
2230 2327
1798 2687
2776 2187
1719 2524
372 2956
2346 1244
2490 2250
794 945
1982 629
2698 2954
2036 2403
2479 303
1935 1008
2342 1319
1815 2616
397 2982
1160 78
414 1108
1975 2195
2378 2759
2759 2972
947 956
484 634
2309 1290
112 434
2169 1690
37 1691
2674 2223
347 1616
2352 2581
437 1834
1896 1197
257 79
2806 2346
1508 2365
2498 830
1555 361
1842 54
2346 132
2940 489
2737 1728
332 746
2578 2380
1525 2205
1759 343
399 760
2934 1537
650 602
2201 2860
1577 1750
1185 2176
588 1861
1727 2827
557 1637
2747 1680
2755 2605
523 1957
913 700
2149 708
2222 2570
1545 2315
2450 884
1271 2792
562 2563
2387 2276
2590 448
596 921
2022 2669
1134 1255
927 1063
2676 1488
2404 2529
2375 2603
1209 1916
536 2686
1264 773
144 1725
1762 2304
539 427
492 2159
630 1109
1 848
1833 617
1247 428
292 471
2209 54
707 2084
1008 487
2834 772
46 1074
100 2613
2904 2531
1912 805
381 2321
1252 1714
2309 1672
1669 1310
1515 1504
1474 1740
2677 1903
1268 1197
1405 2601
2674 1403
1299 2944
2587 576
1914 2188
34 1243
2392 296
2291 2528
2905 2353
748 948
705 1950
1327 1725
1561 1721
1107 1795
2131 2515
1949 769
1927 196
1618 2733
374 2838
1399 2568
1553 1090
603 569
1805 170
2326 1677
165 134
767 1622
2106 866
1213 2584
1961 370
2926 1127
2837 1904
1279 165
1835 2676
3011 1169
2362 408
2912 2467
2 14
2784 1059
3009 2009
999 1589
1313 2496
1651 2907
846 1617
417 559
876 1658
2948 1273
1407 1196
226 868
1126 1148
2083 736
2440 897
1937 1775
1313 180
747 2216
2290 174
2174 1178
286 183
2056 241
85 51
1514 1536
733 1759
2445 863
2085 2370
2368 1142
714 383
1978 2076
2510 1603
2866 2089
1519 2853
1998 2088
973 2002
863 2193
215 1863
2049 5
1285 1622
264 2268
2685 1476
906 954
1671 1700
1247 1748
1949 980
1610 1586
1797 1764
1832 1591
2268 1944
895 668
916 2604
2871 1683
1542 1537
1867 2691
1455 733
1428 2447
1503 2070
2644 1473
2620 1896
1470 2466
2360 2910
567 977
239 2320
275 318
44 2302
1194 673
1942 739
2252 555
1018 2503
738 602
3 1680
2619 1593
2874 2140
2610 2650
1192 863
274 1534
178 904
1581 1820
2018 183
1995 587
1744 2193
218 2933
2883 1826
2530 2111
1443 940
2174 1217
2374 822
1242 522
1803 655
613 1778
2870 480
270 2526
1226 221
190 625
2787 1997
209 2001
2351 421
1647 3008
2350 1487
2660 856
2734 418
2797 117
1579 1625
2282 483
2305 911
42 1777
1160 14
1435 1178
1759 2744
2514 903
2015 3000
2954 2036
2904 1653
1823 303
36 681
914 2592
1795 1466
2200 1093
324 1556
2598 1938
2283 417
1278 2818
464 1543
2529 1234
798 2575
565 178
2551 1803
1849 2984
266 1456
1973 251
2536 1407
562 1237
635 2041
752 1851
2865 1030
2576 331
644 1372
2007 2767
530 2929
99 1562
1116 2079
1905 560
2863 1309
946 1863
552 2804
804 2687
2827 1699
2366 2621
335 2310
2107 2677
2684 635
421 499
1328 2044
2340 947
63 2372
2077 2426
1320 1973
2125 2354
352 2708
2051 728
2985 2701
1708 2670
1399 269
839 2510
344 1449
719 319
1514 1352
999 1219
1876 1753
1452 1021
2477 1190
1185 446
153 820
1076 1113
1673 1328
2407 1425
2428 140
987 1633
1260 454
7 2017
2641 2289
2522 1342
1147 2338
923 2776
2228 2420
1540 205
609 141
563 2893
573 172
2069 899
602 910
737 2616
353 205
849 643
991 2784
2236 1543
1729 1415
2127 1811
1286 2260
1845 2622
503 2306
204 2575
1311 463
2990 2527
1261 1535
2393 2291
1054 781
1986 1227
1865 2766
2864 1323
1756 1700
259 749
442 2220
187 2135
440 1441
975 1253
1344 1071
2526 2349
1036 451
411 1186
679 2300
2351 494
1273 287
2025 34
2022 3016
2731 665
1229 2922
398 2569
667 326
513 1680
182 2617
1140 2607
635 545
1616 1847
487 543
1666 850
1274 1162
1082 1964
157 2122
2541 2196
1270 1009
1369 1649
336 711
392 1253
2104 1492
2966 1551
1180 2057
2226 2714
2757 1513
529 2868
539 2739
1089 2113
1029 1035
1197 904
1753 1071
2987 2800
220 2498
2454 2858
156 2514
2395 2182
2906 671
2487 1283
1386 205
125 324
2292 519
2970 1991
2524 2119
1913 1325
3 932
1262 2639
340 1190
2597 830
1671 541
1464 910
2248 450
1796 764
1030 2945
2792 2460
1292 2922
570 1557
1429 981
1827 2840
1744 2722
975 361
2328 575
108 2928
668 2873
1191 1413
612 1130
698 2028
273 2329
2952 1884
1052 2908
2877 377
585 1016
884 635
1167 776
1647 1463
408 2845
2777 2790
2886 2419
769 2340
1025 1551
1096 2158
301 423
722 2056
1587 955
2465 35
2028 678
2823 2116
2610 116
333 671
1679 1870
784 2436
1783 1081
2923 1301
365 2307
1094 1584
1121 785
1501 1762
798 770
1562 809
562 2636
141 1359
231 1962
2991 1364
510 1145
323 1983
2447 314
2957 541
1062 243
728 2611
2709 352
140 624
1236 420
925 157
1443 1649
2678 431
1134 370
304 2035
2792 2924
2530 62
1118 1277
397 2877
2014 2005
1940 2193
1317 2446
1027 401
1950 1250
2284 596
1239 2512
1963 2186
411 328
720 1852
2783 831
2393 1084
945 2171
2342 209
2633 998
2214 175
2102 1104
2768 2560
1073 517
2012 2910
2583 1410
1732 2456
287 2316
404 1138
201 1734
158 2170
161 2249
1843 2475
291 2378
2253 2395
1323 2301
1864 1794
831 1676
1002 2535
1132 1594
750 2478
1920 865
1554 2886
1966 1403
304 2374
2057 465
2358 2928
2917 762
566 313
2168 1342
745 1464
1063 1408
1400 2183
283 101
2508 1581
668 375
2725 360
599 1259
2323 1492
2693 2014
565 316
430 942
1718 2136
1549 2640
2790 2285
1198 1562
2727 1292
456 508
752 1043
1339 2827
2140 2010
1533 1898
1798 2811
2288 1733
2969 1483
2819 1639
689 643
1187 2796
2096 1037
2451 2714
1463 3001
2148 1664
1889 2981
1468 1923
2545 459
1989 1596
321 1910
2363 1200
603 42
1060 1956
830 2859
940 1906
201 1431
1314 1340
2290 1228
114 1209
844 138
1740 1173
105 109
889 1105
2518 1020
2558 1680
2449 2443
1697 2096
581 758
2427 2429
2456 1105
274 1087
1883 1007
913 807
725 1642
2384 375
2543 684
1079 1871
1344 1543
797 1778
2413 2069
2108 3023
1991 1084
2361 1511
2863 818
2798 540
341 1299
2801 1923
1897 1851
203 1389
2706 2846
86 2603
2118 586
1702 940
1609 2172
1751 2309
412 2605
2607 2637
2315 1708
28 1881
2036 323
1549 2882
2055 1692
2744 2823
175 975
1431 2053
749 2902
3020 2787
463 2558
1759 958
2516 1637
86 2229
1810 2555
450 1173
1217 2584
2587 1205
3020 2294
346 1995
946 1562
1980 1065
708 1985
882 2122
2006 2095
2316 202
929 1797
2967 746
2716 1999
1820 1256
1305 2592
1102 881
89 838
1238 2237
902 682
498 795
237 2747
130 1112
2984 2810
1846 87
688 2754
1902 2654
523 1820
1271 290
1666 1962
72 2760
1906 552
613 1368
2431 263
644 1620
1895 815
804 2068
1693 1462
967 1986
408 1537
1738 597
2212 2947
389 694
988 1120
1148 2686
2990 624
184 520
1547 906
2141 2067
2800 2325
2134 641
1381 2316
1151 853
2336 2102
2074 1291
1106 2118
393 2262
1348 390
1426 52
1000 1282
1746 2091
745 2552
1719 2949
1028 1209
947 398
661 2541
2695 404
559 2235
443 1046
1471 2072
514 2757
1145 1046
995 1520
607 354
1325 630
1524 2873
2463 1132
1380 1846
547 2207
1892 130
1781 1203
806 249
2143 1793
967 1337
188 2681
2766 2820
2399 1792
53 2379
1163 1558
994 2694
934 2213
967 525
813 2918
1875 1030
1835 98
1774 2045
1627 970
2077 2165
2891 2206
2966 1921
1883 1252
627 984
1940 2411
1385 1056
2816 1634
2596 1672
1520 1780
1846 2121
2966 1435
2103 1062
611 2645
1270 887
74 2588
2222 1113
1499 1828
382 637
2552 390
1418 1845
579 389
2015 392
2351 90
2161 1487
2760 1602
2686 517
2185 1221
1145 2003
2226 596
1922 1571
1768 2130
2719 3006
104 1949
1304 486
2317 2395
3000 873
948 822
573 2137
2795 2800
1794 2982
2359 2583
1123 2156
2331 2895
1513 811
456 2112
562 1954
482 1712
2082 1793
1796 474
1041 399
47 968
2704 23
1288 674
2934 646
1278 2884
605 2873
2850 2307
1592 2561
791 749
2323 1473
1977 1959
2817 1353
785 2577
1585 1382
1268 1221
2573 2511
274 2571
2850 1080
1406 1174
934 2935
1684 1576
1013 2361
2870 1496
2481 435
1805 2384
2730 2735
2412 932
2312 2118
1662 668
1144 591
1306 2730
1930 2610
777 2848
648 1891
711 1272
1789 1010
244 2330
2412 2575
2761 2749
1236 2618
733 2588
2755 1554
2204 193
1478 13
2366 1253
1872 947
1147 2911
1881 2357
1102 811
2340 2016
593 161
1440 1543
110 236
1094 1121
2193 1679
2452 2687
1398 536
2403 973
408 2686
444 38
2398 1362
1058 1037
2880 994
1995 2069
60 70
2026 1322
2461 695
649 212
2084 2833
648 847
2601 22
1739 1176
950 322
980 2398
2421 2138
1232 36
645 1594
962 1267
2869 2283
1129 1444
1986 1221
834 1481
1860 1539
1354 912
1357 2126
653 526
2692 551
897 1792
575 2704
2314 1408
1064 2234
928 2538
1817 1481
85 1552
1060 2866
519 391
2578 1382
1377 2001
849 1826
708 344
2464 1050
1966 632
1467 1919
2824 1919
2189 1965
757 2863
417 2412
4 2123
63 1141
261 1961
3015 2208
994 396
2172 1001
2552 1662
578 1513
353 152
635 1339
1737 2164
1156 2579
698 1294
1401 1620
750 245
71 438
1532 959
20 1986
2977 143
19 2316
1199 504
433 484
989 2299
1237 879
144 2295
330 251
1833 2500
256 1809
2297 1886
952 1552
123 1598
658 2755
2892 763
682 1470
2702 2303
1129 2192
1468 1742
163 1824
20 601
1392 2501
507 1634
32 2728
1494 1761
623 1025
2862 1109
2398 1316
2302 1833
1463 616
1441 471
2504 1812
2755 1661
1716 2367
2703 438
2820 890
2471 2086
1224 2153
287 2706
484 861
1829 705
2790 1179
276 2912
1609 2958
2401 756
1344 693
1689 32
1520 2119
2237 2886
2610 178
1543 2299
1684 2007
1875 1122
2387 1397
1978 202
1286 2983
2736 3004
1028 2634
1997 2858
2202 234
690 2890
1605 2204
1855 544
2582 1110
2760 2229
2212 2739
1747 1973
539 2042
1372 2789
872 434
297 1503
2328 1525
350 1368
1068 987
137 1933
301 1902
1078 180
1397 2322
2937 136
614 1248
2834 733
361 1456
39 2318
2286 1837
2746 1511
2438 2302
1703 131
2337 1085
2738 117
1703 93
780 2653
467 24
2758 1078
1021 1711
614 857
1407 390
1161 1849
479 1411
802 108
1713 1857
237 419
2292 1228
2464 2403
1021 642
1204 1965
2806 8
725 1813
1596 1149
2251 1120
1277 1464
2125 990
2039 2554
1383 1297
2085 1337
1989 2687
873 2307
133 2267
2923 671
412 520
1024 2916
881 1037
1704 1693
213 2372
386 2568
256 757
2029 1114
1992 489
1991 910
1744 3013
106 2592
86 2933
2459 1843
212 1479
1395 1746
2078 790
2013 2856
2459 12
1477 549
519 2577
2986 180
808 1469
745 2517
1774 547
1032 1673
243 577
2327 1050
2224 2477
1554 135
425 1943
1237 1009
2995 2403
1677 511
1843 1807
975 1370
1843 565
2945 880
2944 2377
448 692
1141 1512
2065 870
247 22
723 2385
499 2266
602 517
1409 557
2923 913
1059 2216
1764 2427
526 2311
727 2500
1091 2271
854 1962
1270 2021
1006 2728
2880 138
2404 560
1608 2895
1238 885
448 818
703 953
22 1432
2175 1223
1104 1664
964 2674
2130 1991
231 1401
1007 2237
609 151
1465 1180
294 1069
2828 26
1703 2584
1040 2716
1898 2334
903 2465
1124 1001
1254 17
2184 2998
2617 2186
881 1239
452 2047
1030 1791
1113 279
1804 374
2608 108
1609 2842
2331 405
409 145
2462 932
640 890
2538 1205
192 2054
15 2320
1440 887
430 1228
615 724
2776 179
583 737
1220 868
641 2264
2472 2526
2926 739
548 2
1866 1872
2598 1728
1953 1312
2262 1793
952 3004
1487 1623
1631 44
2998 2337
2395 1729
1953 2453
2062 1720
744 45
2900 2022
376 2412
2278 1153
755 524
2857 641
2273 527
774 2808
1624 794
2057 2141
301 2558
2874 500
1052 2445
2823 2084
1917 2206
2595 492
1748 1241
2962 417
1338 2877
1944 2254
765 371
924 1719
2122 2011
242 1228
371 2528
466 2232
1012 2057
2735 3007
2132 302
2371 2754
717 150
2283 1981
1500 221
2634 1625
1563 508
596 1147
778 1687
5 203
227 2175
2557 792
2177 647
409 2775
1646 1753
2738 2974
2870 2830
452 1837
640 777
1003 2815
2165 34
2039 1209
2874 713
2844 2645
2008 1800
1682 2895
1277 2603
1044 1411
2057 275
2700 2188
2511 2620
2987 1497
885 671
1436 1509
245 898
2543 2703
1046 29
1978 2884
35 1656
2714 2197
2279 2428
719 2081
318 644
2963 1001
2568 1541
724 130
1393 2011
848 1713
1933 1667
1861 420
1510 225
2730 2059
2755 1585
2144 1693
162 243
2836 1101
1698 371
2909 1760
2543 2443
2750 1889
1922 734
1830 27
2769 356
492 2825
890 64
1796 0
2533 2950
391 478
1632 2400
1849 1503
546 67
290 1110
2639 279
1083 726
2419 462
191 2097
1494 2289
2995 419
810 116
334 674
2867 1357
1004 2650
1028 2822
2641 1386
1741 73
311 1712
602 2362
259 1517
2031 2417
709 2075
1478 81
440 2465
1109 792
2649 2969
1465 1356
2008 2493
2874 215
2457 1513
1643 1976
2971 2200
2037 2643
2214 193
447 2312
1016 2935
2783 1266
1622 2538
1158 2567
2025 1271
2449 228
1994 1892
329 295
653 1869
1402 108
2846 230
1275 2352
2560 2411
505 1294
2759 1817
1049 50
246 654
2740 2793
787 1710
942 2177
167 1845
1652 1161
661 1855
2911 2750
178 2875
2287 2523
61 453
1458 966
134 2496
2919 1260
2826 1706
1331 382
1294 338
2089 346
1604 2023
1020 1666
1292 1816
1482 1643
2651 905
332 2903
1441 2077
1075 2759
19 203
1974 1050
2261 2147
493 860
1923 1779
2266 2449
14 2369
2293 1844
1096 277
202 2671
1990 701
2060 2601
1604 1138
1310 1225
1011 1926
2322 1921
154 2822
29 1409
328 429
816 64
625 2535
2112 1792
1169 61
1167 1287
2378 1392
2790 2785
2584 2384
31 582
1266 742
129 424
1545 1163
84 2409
1452 1872
1122 1558
2423 1043
181 2001
2535 1274
2961 2465
1354 2026
2592 2594
2080 2186
1632 2580
282 2696
1102 2107
698 2555
2557 2009
2631 2514
2275 3007
1694 2832
2381 1353
2678 1296
829 2102
1956 2976
1780 1072
931 2171
2481 539
2013 1009
2957 2196
985 1163
1571 1837
1879 1676
747 945
2837 454
1215 2760
824 1770
2722 703
1603 1890
1527 2087
1277 592
605 111
2545 2992
67 1702
1097 2246
1275 46
1987 2527
2014 2189
234 1415
1413 2245
1367 358
2260 1236
2354 711
2828 695
1356 2796
1246 2581
349 750
1222 2367
1619 2142
2500 487
601 989
2736 1495
2290 1771
1655 210
2964 2422
549 184
2045 1347
216 2870
2013 2772
1574 997
2029 1485
540 990
1513 492
1783 2548
494 1280
2155 1983
2087 1110
1384 977
1195 2651
752 2945
1173 121
613 2201
654 2592
2214 2681
2112 1260
576 2087
315 677
2170 1528
348 1848
1969 967
761 1400
2728 1112
2263 3003
1733 1906
2213 1461
2177 151
651 155
448 536
2543 1325
67 835
399 2477
2495 2683
1041 3016
1807 830
2532 852
1349 2642
1137 1844
813 761
1436 2582
2636 179
1927 1382
272 402
2362 2594
268 1617
446 2390
1273 1996
1480 2716
531 1802
913 724
1717 2923
2173 2651
10 2091
246 2997
1326 1163
1976 2379
911 1305
271 1832
393 406
2091 187
914 1128
143 577
2116 1833
2644 857
1189 2350
3010 2066
2472 2871
1914 456
2889 1775
1005 2199
112 99
864 1736
2487 1713
1619 698
2562 2887
1327 1035
2570 2639
1595 1358
1943 1228
2566 728
1540 587
1286 1808
2122 252
1344 1157
592 2507
2242 933
2221 2554
1576 2017
2425 541
2796 987
904 2101
40 380
2914 1933
1753 887
779 1108
2534 1354
2980 256
412 1949
2421 296
2284 1136
75 421
2911 1966
502 1125
1603 233
1190 1787
2469 1738
1108 2587
1322 343
805 2651
803 727
754 1231
1066 1099
1045 428
1372 2017
298 2359
2270 1342
2592 2323
1338 1887
1658 1510
1390 491
1737 1941
1962 1677
392 1249
1296 995
8 2870
2624 1343
220 79
1187 948
1567 820
453 2400
1585 1358
117 664
2883 1698
2302 1491
1089 969
2691 1925
1935 972
2645 944
977 1803
705 1311
1977 513
1594 2638
210 981
2105 110
2956 1879
1445 289
938 321
2059 1980
1990 741
695 1085
1383 471
1611 915
2729 2379
2300 1247
2219 994
1836 1607
1697 2112
156 2145
29 1429
2340 200
1309 202
1507 2653
2812 1121
1633 700
2400 1011
1047 2711
603 2641
949 1107
2654 1739
1365 2729
2708 185
823 532
1981 1738
2682 2650
811 2662
1172 2406
494 1864
2258 2899
1691 2542
876 1539
2208 1124
2928 953
2358 1740
1911 1772
259 3001
101 2158
257 2272
2954 103
1555 2163
1063 2201
2898 604
2624 330
2597 253
1113 1027
1794 488
1996 2337
561 1043
2013 1499
2500 2996
2521 750
21 992
2429 1116
2128 2216
2788 2221
2066 194
2194 1060
868 2857
1378 884
988 2331
565 2121
2833 2208
2124 912
1807 1848
757 343
2620 1957
1364 2110
967 2353
1672 2806
393 2760
2276 628
2925 1002
2881 666
803 153
982 1160
577 2024
2810 1477
2243 2232
1992 1641
406 189
636 583
2958 380
884 450
1571 1189
3009 586
530 1893
813 822
1776 1529
2949 1644
2036 2768
1803 3023
2778 2058
779 375
2004 1235
1987 1567
2402 813
1279 2791
2541 1196
1751 1330
1668 2694
1328 1056
2212 840
237 486
480 2328
908 456
2053 351
1137 2498
862 590
1173 1360
2564 940
1483 2008
1098 3018
537 1097
472 2495
266 1814
2567 1618
2897 725
1807 2576
1500 2123
1586 1862
1206 956
613 476
2984 1370
2706 195
2203 2741
1359 1403
2574 2495
2531 2788
2374 721
985 2789
1802 2756
482 2437
145 2970
1920 1591
1299 2734
528 674
358 1796
1012 1708
1962 2492
23 620
1487 1247
1045 1818
784 2161
202 1990
2033 153
1458 1595
1470 2944
1431 1716
2335 1813
2516 82
2734 1353
1627 419
2932 1212
253 2028
1537 1819
2528 1292
2730 1539
920 961
375 1099
872 2544
4 1739
542 701
1205 1907
1185 901
5 1688
1959 512
2195 289
499 239
100 643
1432 208
893 995
542 2052
884 675
2800 2124
1243 603
1059 1331
2179 1225
1600 2664
171 1221
2798 2129
2335 220
538 1164
1946 2568
1802 334
136 2655
2462 1368
1572 1595
790 1077
337 1244
1906 1363
126 2074
571 1340
389 2708
332 66
851 1157
132 2373
253 2784
