133 159 902 64 128
47 106 70
117 116 9
3 107 110
32 124 41
96 102 33
64 66 97
129 108 75
63 47 93
78 82 18
114 43 27
100 8 75
25 23 57
84 51 119
38 24 19
41 127 125
94 24 19
15 122 57
21 112 23
88 62 77
97 70 83
80 93 92
50 105 128
61 34 117
118 88 116
105 68 49
8 131 101
30 92 112
120 60 24
59 86 65
57 39 5
89 111 60
31 45 114
104 109 22
109 75 3
111 5 108
100 120 30
59 41 40
54 47 88
40 28 44
80 115 19
118 20 8
12 1 19
126 23 123
58 79 24
20 50 47
71 59 20
123 1 60
15 49 40
124 8 81
127 31 37
92 11 47
49 112 17
37 76 29
89 53 110
21 62 72
52 85 38
53 131 35
0 26 76
35 29 114
115 59 95
70 55 90
57 43 7
75 89 79
27 39 86
109 115 2
81 60 99
23 9 61
78 62 2
132 24 25
104 29 75
124 55 109
120 43 104
31 64 86
109 47 62
20 70 122
129 45 10
40 76 92
82 36 128
2 86 18
47 7 35
125 36 97
78 58 27
16 130 84
40 25 97
77 79 14
113 25 38
29 10 26
126 101 42
37 31 97
96 108 12
89 1 76
130 110 101
130 85 50
120 13 120
38 105 58
22 18 56
17 116 127
83 73 41
107 75 80
6 82 92
52 48 30
66 117 67
60 0 79
34 31 107
60 74 11
91 57 34
85 90 113
83 106 123
44 92 113
29 92 101
112 22 10
96 65 49
63 98 39
72 63 48
128 66 4
15 16 87
84 124 10
69 80 20
14 56 16
67 30 98
13 14 22
48 95 74
129 121 109
103 102 70
2 119 53
76 99 117
123 87 26
4 40 14
19 10 71
42 90 109
33 115 67
105 46 122
52 57 66
61 4 119
60 13 54
71 12 38
17 81 79
77 5 59
63 59 63
16 11 104
89 26 77
6 14 113
51 129 86
38 7 10
79 17 95
39 41 124
81 8 79
105 75 79
129 3 57
32 121 31
122 11 25
124 8 49
128 38 112
77 46 45
65 126 111
121 61 66
70 118 68
122 11 34
57 11 72
93 126
18 49
16 34
25 28
114 11
83 31
123 67
90 11
111 17
40 121
50 105
2 37
71 58
62 41
101 41
81 22
110 77
1 94
129 11
126 94
94 32
28 26
0 101
117 103
7 9
70 8
46 32
75 39
51 116
78 8
65 45
110 119
71 88
126 76
59 71
93 8
50 45
41 62
121 11
37 52
118 87
44 75
15 118
7 70
73 96
132 63
52 65
18 109
118 13
45 104
126 16
80 54
0 111
116 113
22 75
98 3
14 113
41 30
65 58
87 60
90 24
92 18
39 9
19 0
111 18
131 18
101 29
115 97
57 1
99 109
110 103
22 48
56 114
92 46
13 47
16 130
102 11
118 11
115 23
29 91
126 4
40 92
90 68
129 38
45 104
13 68
102 25
73 24
115 28
17 67
14 121
25 73
16 131
128 120
70 124
65 121
25 1
33 77
1 98
102 18
2 43
67 90
30 111
111 120
48 78
9 38
6 33
49 115
26 39
27 48
2 106
97 82
1 80
130 20
70 51
132 64
130 62
131 31
124 16
33 72
36 35
125 53
8 86
49 107
10 36
73 15
1 40
0 85
130 106
38 85
0 6
78 72
126 39
39 75
129 52
112 74
69 91
99 65
23 17
33 58
110 16
72 58
29 72
10 19
127 44
98 25
48 47
47 103
107 49
44 56
132 75
115 21
73 94
69 99
86 22
6 101
85 34
0 30
27 95
13 18
87 45
63 119
7 39
46 72
94 99
53 36
87 60
98 70
78 69
52 69
29 57
62 97
94 48
55 61
94 112
121 36
91 2
92 3
66 104
14 122
54 68
109 74
90 65
119 127
44 73
89 65
63 1
66 96
13 42
68 87
130 21
8 79
94 15
101 11
129 81
102 7
105 58
21 7
88 118
16 33
78 57
66 85
50 125
61 63
112 102
128 2
25 54
3 126
73 77
77 56
114 43
119 88
8 111
127 122
74 91
47 118
113 116
101 96
63 46
39 44
5 33
43 11
119 11
122 113
131 61
71 131
66 10
74 129
113 70
52 82
57 118
16 80
29 52
38 82
31 7
24 107
92 120
122 6
89 96
45 37
37 22
0 40
110 105
84 119
10 118
69 53
60 54
93 94
13 16
87 22
90 41
50 120
113 124
123 46
11 111
10 129
110 48
2 5
75 84
90 19
118 38
125 84
15 63
129 4
44 37
28 130
119 2
16 15
1 10
123 73
88 64
129 29
115 85
33 126
94 95
46 92
93 40
49 119
6 49
83 90
91 122
39 93
61 99
1 108
90 74
43 89
98 11
90 31
31 95
46 15
44 106
132 43
77 58
121 48
8 6
69 87
128 50
94 89
52 63
9 8
43 8
100 112
47 54
97 124
132 54
107 119
102 19
61 78
130 76
127 130
42 79
57 76
107 94
5 20
98 132
39 49
32 24
49 28
90 126
94 113
37 79
19 28
8 67
114 5
2 108
25 68
81 12
69 80
123 39
58 49
45 81
30 14
93 111
91 2
8 3
74 15
89 99
75 109
39 60
84 124
22 117
101 123
59 46
31 87
107 87
132 27
73 128
60 58
62 50
49 120
68 130
38 18
82 6
30 80
8 64
14 5
42 86
86 6
20 110
96 119
73 41
29 77
18 57
132 44
112 63
23 126
48 19
59 121
99 76
6 89
107 43
2 63
62 69
120 54
116 54
40 64
63 40
126 23
91 79
13 121
120 31
31 108
110 86
66 76
32 88
115 34
91 39
108 106
23 6
62 54
16 1
18 111
101 89
12 124
25 34
99 100
125 28
120 101
69 23
77 10
116 23
69 12
109 85
63 6
24 75
58 55
24 32
11 45
68 81
25 61
115 122
14 20
13 30
118 18
58 16
95 5
60 130
121 91
6 10
63 86
100 60
100 99
116 0
21 101
21 52
56 33
67 15
9 8
95 127
83 102
87 77
117 19
109 31
92 103
99 11
131 66
73 98
126 55
98 129
45 2
30 96
4 46
30 55
132 45
49 7
22 65
39 116
102 22
16 102
68 132
130 11
109 107
121 10
93 52
125 74
24 77
70 4
79 82
107 34
15 17
86 32
108 30
22 111
5 7
88 62
22 54
16 90
48 19
75 97
104 93
35 54
44 70
12 116
75 77
123 3
3 85
68 63
118 41
97 43
103 38
129 82
63 41
46 73
33 48
18 64
80 63
4 81
128 78
26 82
0 40
112 78
69 128
102 99
71 88
130 53
11 42
49 69
131 46
59 19
95 2
12 30
11 132
79 39
107 29
109 120
7 27
127 17
14 42
73 98
112 109
10 61
126 65
47 21
54 35
50 119
3 75
76 52
9 130
126 4
21 86
76 126
62 53
25 51
21 92
118 15
72 110
3 69
123 26
78 93
58 106
70 32
0 131
40 80
113 83
5 27
53 120
108 112
68 103
16 110
115 51
22 80
74 25
127 9
105 59
76 52
31 56
122 27
18 64
10 86
51 53
22 6
88 74
40 115
15 10
117 11
123 84
79 88
12 37
18 7
90 66
42 56
33 87
35 62
117 22
114 95
111 47
113 52
96 124
94 67
33 102
79 6
89 119
43 82
74 38
25 101
40 49
76 0
75 60
115 113
2 76
82 6
67 54
97 33
10 102
43 100
52 30
126 69
49 2
51 128
94 48
110 78
100 47
37 114
104 45
51 107
5 113
68 39
53 91
118 84
16 100
91 64
104 115
98 128
116 87
131 92
119 113
34 101
32 62
68 69
44 4
24 1
123 37
68 80
27 57
40 55
36 10
25 117
26 97
106 23
22 131
78 99
56 7
69 109
53 68
131 0
58 15
124 34
20 89
95 66
70 50
74 67
50 124
6 120
77 85
107 54
8 101
123 102
14 99
88 24
130 120
46 100
79 29
111 32
125 132
58 24
128 63
39 76
73 101
21 109
80 96
60 98
77 115
64 24
59 102
17 43
14 130
71 18
55 67
107 82
31 53
35 115
125 36
128 55
22 107
31 44
113 52
28 127
77 34
38 14
126 129
81 68
120 22
121 6
10 125
10 110
29 24
36 93
85 32
48 9
45 42
20 82
2 95
14 34
36 67
14 79
123 6
20 39
0 38
37 57
20 9
126 54
72 105
35 101
85 131
83 123
82 74
61 132
90 81
49 83
74 98
101 18
33 13
86 57
62 66
121 2
126 66
85 18
28 124
14 5
103 69
73 36
5 2
30 52
126 63
41 34
92 20
130 24
17 64
127 5
78 34
79 104
112 16
71 41
66 82
76 68
68 61
70 123
103 26
107 41
17 15
1 13
132 84
114 86
78 9
76 75
30 126
18 73
11 98
127 71
27 6
105 23
65 89
65 66
18 105
85 33
54 79
39 6
114 73
62 125
126 50
42 41
6 94
32 108
25 32
111 35
66 18
62 93
120 115
78 84
119 10
53 21
32 4
67 104
57 126
26 40
0 72
119 89
104 112
93 69
73 50
22 74
127 30
86 122
11 64
115 15
18 12
92 114
20 114
41 116
55 65
82 128
122 52
13 106
32 4
34 58
73 72
101 26
126 100
122 3
65 91
59 48
59 88
113 15
70 49
79 37
49 14
27 3
35 53
64 105
60 6
79 115
50 69
22 2
111 89
11 37
10 29
65 44
93 8
21 95
10 88
45 124
93 54
32 116
116 128
37 4
119 81
43 46
120 112
3 76
11 105
45 44
126 82
121 94
73 44
123 0
105 129
21 102
3 21
89 115
77 110
87 88
110 83
33 32
7 8
45 40
131 116
39 43
73 22
106 81
12 48
81 11
88 75
25 26
124 85
86 55
120 14
19 94
19 105
9 56
21 117
47 4
125 72
89 130
12 35
9 68
17 126
59 76
27 125
98 86
65 76
129 13
6 61
3 78
56 105
29 112
10 76
65 103
76 81
69 61
129 117
15 16
0 33
60 64
106 81
121 50
85 84
119 48
106 120
118 80
102 36
129 19
128 42
26 28
88 10
60 34
86 50
23 35
87 52
15 30
124 28
96 28
51 11
64 115
40 77
15 97
30 95
108 68
74 23
101 96
86 90
128 120
52 3
