296 536 728 4 726
80 151 389
73 194 432
274 151 117
247 47 418
161 20 369
143 144 200
107 112 527
79 145 18
178 294 207
152 287 482
89 10 218
170 232 284
5 263 9
74 276 530
179 205 62
29 43 684
242 137 86
249 163 430
289 146 646
183 85 143
151 232 354
79 225 313
295 133 393
43 175 171
294 282 546
194 229 15
251 45 695
50 226 493
214 192 679
188 190 158
166 262 536
126 207 52
165 74 323
230 8 323
190 128 560
197 196 297
213 2 54
65 247 94
60 244 101
117 142 415
127 33 30
115 12 11
56 266 589
151 177 563
41 8 410
262 127 467
34 273 448
45 249 571
234 119 197
229 251 149
291 274 541
237 121 574
229 217 460
112 104 88
272 205 717
80 55 367
48 241 501
72 228 314
170 214 208
164 28 34
116 75 92
151 133 488
233 253 520
228 274 443
227 157 392
186 251 23
44 162 549
129 199 415
144 226 338
254 38 427
47 201 222
262 220 725
10 273 463
41 208 453
132 176 705
274 95 540
136 229 434
76 115 167
144 245 249
107 47 97
287 91 429
261 173 434
81 215 6
195 31 435
222 216 161
203 103 654
124 54 462
62 295 72
83 115 44
257 279 62
288 130 124
274 113 269
222 117 211
26 194 726
277 7 490
274 206 555
173 29 151
191 203 98
251 20 15
37 172 102
273 110 171
259 125 529
59 65 440
112 131 94
256 248 692
133 6 552
62 77 120
58 42 627
44 232 610
10 132 436
11 189 610
6 79 156
196 151 49
192 65 354
166 39 492
85 9 39
148 183 227
18 142 456
47 32 608
217 58 440
142 131 605
149 154 306
183 103 579
269 179 580
191 279 290
282 203 259
37 233 156
276 93 84
13 147 142
153 177 506
180 176 443
22 165 117
107 165 376
3 111 322
223 126 420
11 61 347
33 286 411
89 62 5
6 54 420
62 255 69
262 87 391
254 290 85
178 216 536
150 85 687
118 16 600
217 3 401
21 115 637
154 176 169
203 111 356
3 233 263
284 234 216
81 184 1
68 208 141
124 185 110
237 188 648
122 134 703
27 265 302
227 295 469
287 84 513
200 139 58
27 274 711
109 40 721
234 48 469
153 116 523
94 232 168
132 209 623
196 285 490
98 30 325
128 231 258
271 281 609
294 106 371
76 273 503
182 23 418
210 12 286
164 22 473
254 217 678
196 243 345
263 82 698
139 84 283
71 186 452
102 255 242
57 197 394
52 103 539
88 98 127
72 238 168
189 87 548
181 172 49
264 245 426
252 85 121
263 74 112
196 87 616
101 97 273
63 172 484
105 107 688
232 182 565
198 221 114
1 73 696
32 230 714
149 188 69
270 231 337
259 15 591
134 157 386
65 271 163
106 139 173
2 101 78
48 279 127
199 112 9
114 232 269
284 36 422
238 224 122
156 35 208
237 171 333
210 25 428
115 280 135
44 70 605
212 19 245
278 87 518
283 233 181
254 288 226
146 86 569
213 197 594
29 181 188
105 24 412
13 127 602
46 216 184
120 109 144
262 226 35
15 166 127
99 90 153
53 34 170
56 50 109
168 5 427
81 263 127
100 111 477
42 212 93
14 49 284
16 184 63
36 60 498
242 45 149
139 260 11
151 66 706
292 12 18
118 256 534
17 28 356
78 216 517
223 216 624
140 275 694
250 89 206
179 274 15
159 256 421
266 156 534
86 290 607
120 107 386
154 239 92
95 99 210
157 7 606
94 235 593
259 14 712
283 167 373
99 221 460
263 30 233
236 73 113
64 173 177
174 18 389
113 211 340
178 69 212
51 162 14
10 141 213
217 258 595
47 204 622
255 31 667
280 92 383
134 240 85
283 108 227
275 162 334
240 138 42
270 160 360
268 180 466
218 30 120
293 181 694
267 266 255
219 183 642
56 193 488
135 42 661
123 76 245
253 187 247
96 156 296
242 169 300
67 295 212
280 4 510
113 0 314
246 10 432
155 128 420
283 158 278
285 202 110
118 99 304
114 235 632
157 288 61
117 265 385
206 70 228
45 93 76
73 267 152
241 172 412
236 97 134
254 133 101
221 3 367
237 73 327
288 151 502
27 179 598
238 258 411
232 143 458
29 180 520
202 78 631
32 164 258
280 47 234
120 234 531
0 229 382
35 219 300
153 238 621
29 146 469
158 96 42
47 170 633
152 244 304
199 143 645
178 247 667
15 9 647
130 187 126
260 280 608
88 233 581
85 292 445
102 9 632
68 250 473
265 183 110
73 259 2
90 109 295
216 13 97
92 226 395
232 120 147
213 120 118
206 131 385
20 117 324
73 255 498
267 127 27
257 198 89
81 187 708
37 78 161
133 143 270
164 19 100
66 274 317
14 147 48
166 182 662
159 186 619
171 73 480
54 106 221
208 291 153
55 54 708
286 238 74
190 151 634
28 11 546
152 232 541
185 262 541
227 252 240
185 217 328
71 10 227
62 215 610
72 241 304
171 190 648
170 172 340
247 248 706
237 101 635
81 112 459
45 272 120
193 127 623
268 140 361
129 236 418
30 154 96
26 200 356
220 295 151
294 35 387
270 274 135
9 236 344
143 251 281
271 112 450
176 31 538
181 180 271
34 181 639
268 106 103
263 15 362
89 16 449
0 222 161
91 140 17
158 104 394
97 124 428
52 102 117
149 165 650
91 222 710
78 122 695
58 229 42
12 73 368
96 235 539
52 167 17
115 257 187
195 220 571
49 92 62
153 250 41
91 275 374
46 249 608
282 184 409
199 158 623
18 176 122
255 67 326
148 40 609
221 132 468
122 113 422
214 43 62
262 60 443
270 185 438
75 145 95
86 104 327
254 44 484
30 136 74
85 224 478
244 255 122
173 76 636
102 63 205
22 178 546
181 146 129
237 6 709
114 221 605
289 275 581
145 172 38
79 172 416
175 253 478
254 6 230
212 11 503
40 80 4
117 243 450
89 9 437
278 169 66
155 150 595
129 197 1
9 154 395
118 122 375
79 146 14
261 266 72
232 123 211
178 94 29
254 240 163
284 237 138
245 46 148
225 44 464
159 36 58
26 276 599
169 242 147
192 187 41
161 61 718
111 168 600
81 275 408
24 81 569
96 171 235
131 68 141
108 56 147
99 11 116
6 209 39
136 9 376
229 107 497
292 254 122
0 215 667
286 243 639
151 81 567
56 61 168
83 197 616
5 40 603
106 115 531
36 108 553
128 111 432
217 132 25
50 280 189
114 38 638
176 225 649
108 2 426
232 253 406
249 99 502
284 36 233
189 272 167
21 29 177
70 119 160
108 56 481
225 3 579
28 139 617
116 132 551
44 72 399
90 104 113
61 261 552
9 214 489
262 243 590
242 96 476
50 275 105
148 38 69
111 196 292
46 38 662
20 61 268
112 27 426
4 187 86
147 153 110
49 280 707
61 5 4
257 73 379
96 33 642
177 156 110
13 155 544
10 228 672
170 157 543
29 234 503
215 261 404
6 13 198
146 197 19
225 268 714
217 103 679
104 252 579
82 277 468
234 57 187
21 246 110
258 181 632
145 235 440
288 190 175
33 230 121
140 14 446
235 275 596
127 160 576
173 232 423
280 48 194
165 247 542
0 60 411
39 271 207
97 206 224
115 116
249 127
123 242
49 203
145 140
44 172
218 6
135 231
134 46
240 284
277 14
139 19
138 171
161 70
154 279
19 174
263 192
58 145
90 293
233 253
200 45
189 103
82 270
181 123
139 174
36 150
230 165
227 258
276 177
203 181
280 19
274 135
46 27
10 68
185 115
226 55
254 62
81 144
247 105
76 111
129 239
175 62
275 40
131 3
71 157
190 138
251 199
3 96
41 83
162 270
147 97
101 84
154 54
4 102
33 158
100 159
248 58
181 271
198 44
289 76
166 174
224 91
245 194
26 117
172 211
250 6
191 143
283 102
46 203
202 117
201 93
291 59
82 98
177 7
247 201
268 40
51 282
274 59
168 98
97 238
148 207
8 0
104 175
41 96
218 186
295 169
113 127
285 249
183 242
96 30
150 151
37 262
192 74
227 185
164 102
116 82
45 169
139 260
188 70
91 143
30 171
148 151
161 65
248 221
278 9
167 242
109 14
31 111
79 247
171 244
150 92
11 264
223 238
75 199
66 69
10 37
152 50
156 101
117 55
289 77
143 284
130 137
84 154
216 73
110 25
188 259
262 139
207 196
171 239
143 37
62 155
6 186
30 189
77 218
15 252
262 263
163 294
216 124
282 51
87 156
184 66
63 105
194 9
92 165
240 84
0 18
182 288
74 170
271 66
232 165
152 67
226 133
291 2
42 100
40 135
48 290
69 61
26 288
100 109
1 2
148 204
201 74
253 166
218 271
214 149
213 248
168 250
97 69
179 119
5 163
251 61
97 15
161 287
196 255
48 295
239 99
76 238
44 35
145 186
164 206
210 132
27 259
280 273
265 293
3 62
274 139
254 155
229 111
53 37
35 48
2 284
253 5
69 115
113 25
205 37
161 76
21 155
169 186
44 140
262 32
74 169
198 163
114 34
95 287
267 146
221 59
222 70
154 150
58 34
220 144
44 143
235 154
269 63
101 182
206 139
211 170
225 221
231 111
15 74
32 274
137 261
36 222
73 217
260 283
276 0
66 275
59 292
274 259
266 170
251 203
233 219
150 48
117 90
192 122
168 118
201 287
228 292
215 268
87 74
67 182
75 213
62 47
188 218
6 101
234 251
123 216
71 34
114 192
63 293
68 114
79 6
50 108
80 26
8 10
119 283
139 255
120 263
139 227
132 239
85 1
15 190
198 73
74 9
156 137
121 5
125 199
0 138
37 68
156 213
182 38
244 281
216 138
108 282
281 88
122 66
80 135
182 16
240 142
258 99
118 202
213 276
244 249
129 157
127 212
245 74
77 0
283 258
226 6
234 272
52 68
226 282
240 220
163 89
138 173
258 216
221 23
257 48
21 88
145 226
160 274
61 294
203 243
265 161
13 89
12 42
6 143
280 189
291 148
90 67
144 111
141 184
98 286
86 216
219 212
221 49
173 16
149 13
260 112
4 273
255 107
224 284
228 55
234 291
39 63
158 43
82 189
150 176
227 2
196 23
232 114
178 192
178 275
82 237
149 31
249 202
187 19
116 207
96 52
36 169
240 19
271 112
293 33
23 213
29 197
247 118
257 9
200 52
235 247
150 80
295 284
200 126
243 295
126 279
70 102
198 39
144 115
119 211
262 242
282 37
278 89
225 73
51 10
101 247
85 278
219 215
222 140
185 182
69 262
157 190
257 191
129 273
92 268
60 52
190 177
192 184
168 67
182 209
116 171
117 80
148 181
289 191
19 195
42 200
276 58
51 25
26 38
59 292
92 118
73 257
278 84
242 23
84 237
22 198
147 280
4 197
68 9
21 104
91 134
6 239
47 211
291 220
291 142
115 15
186 152
128 27
292 128
117 213
236 221
69 163
258 19
160 29
23 6
91 123
85 20
270 276
209 287
107 136
256 156
62 226
53 288
32 39
169 165
116 23
101 37
24 28
149 74
46 6
20 36
44 83
171 217
16 251
58 168
130 283
18 47
27 34
250 144
122 215
93 117
91 90
19 221
207 31
11 46
190 108
65 114
31 162
284 239
270 227
155 150
63 185
5 263
205 257
120 236
182 286
187 92
252 44
95 231
290 99
139 270
293 159
257 121
255 166
163 223
294 256
100 43
289 6
90 9
210 273
21 280
269 152
247 181
255 217
120 261
196 68
63 263
98 105
44 257
225 254
118 143
213 72
280 17
20 145
169 83
69 160
77 37
48 262
160 109
9 270
263 57
45 239
50 127
115 9
97 28
114 260
274 109
238 34
164 285
158 63
80 200
137 246
51 64
11 173
28 205
49 47
213 267
149 257
119 204
175 268
117 30
145 48
236 115
182 76
153 43
248 21
62 22
210 86
250 258
120 292
270 7
180 135
211 130
134 140
251 208
176 22
138 114
174 87
186 279
263 174
159 121
118 188
147 49
14 77
199 210
237 178
142 200
107 82
111 189
116 8
245 270
199 178
201 237
257 149
194 41
20 110
267 283
91 140
148 180
265 118
180 129
290 22
82 283
86 121
270 24
277 115
137 100
199 29
188 15
44 82
34 122
285 180
168 64
253 27
151 190
79 25
140 159
111 13
286 96
167 81
163 210
192 106
90 238
209 82
109 154
244 64
175 281
115 211
248 267
236 80
162 295
33 195
220 88
48 76
138 289
109 38
248 117
248 42
134 199
1 91
290 125
95 34
288 47
58 295
173 200
125 186
9 186
267 14
0 236
182 186
150 22
86 107
254 260
6 90
110 116
219 141
217 169
103 82
282 247
201 135
169 116
150 295
2 18
191 19
60 44
138 167
38 236
83 265
249 72
148 82
16 105
54 211
121 73
178 195
68 289
211 246
210 43
231 225
91 155
261 148
84 166
258 15
181 143
240 69
227 83
1 162
92 86
268 42
269 20
274 168
91 181
51 231
86 180
146 57
241 209
51 46
99 143
268 199
57 82
11 136
175 6
141 173
120 246
242 154
260 126
114 255
153 193
178 189
111 214
213 240
138 214
160 248
50 18
132 125
268 88
290 210
66 182
12 171
287 148
194 56
61 55
151 221
185 189
239 95
84 90
233 189
18 92
34 98
152 127
47 180
257 174
221 242
66 180
220 250
204 95
219 71
172 89
192 164
119 250
157 95
100 14
165 208
293 95
80 210
193 159
17 169
3 184
54 173
99 235
72 171
51 288
24 230
143 181
72 145
148 44
259 46
250 65
42 181
177 117
275 30
92 258
284 153
218 261
62 295
106 62
126 44
104 217
28 167
225 215
56 186
93 85
83 224
24 196
155 145
248 64
83 136
103 16
147 201
84 95
30 61
182 228
