136 136 562 2 910
19 112 651
93 7 578
0 31 745
40 41 67
42 123 861
27 49 99
95 32 424
129 23 627
37 112 234
9 44 125
16 25 841
120 112 887
85 5 53
57 102 184
122 78 392
14 72 752
53 24 280
93 33 685
65 2 796
76 99 335
46 27 852
126 23 49
63 90 135
123 65 899
110 93 454
22 99 101
63 83 526
64 129 474
72 91 99
7 69 393
45 77 20
103 42 443
101 100 96
110 18 178
131 59 547
52 95 139
106 51 784
75 64 638
89 6 372
11 115 654
93 15 879
32 80 821
70 73 602
3 18 163
80 37 481
97 48 413
6 27 35
62 19 509
14 95 71
72 121 812
131 8 84
105 91 408
90 123 656
38 115 274
28 19 10
26 11 401
97 127 514
51 36 830
38 49 555
131 81 734
76 39 43
12 114 862
29 114 881
86 65 715
79 61 632
48 112 228
45 118 583
90 78 699
101 41 344
107 35 540
62 68 714
55 111 631
66 89 114
60 23 754
91 79 756
77 3 540
31 59 732
69 66 397
13 128 378
60 61 645
86 133 740
51 101 645
45 120 456
82 2 366
92 2 237
21 53 188
128 29 664
110 124 347
83 54 852
57 119 528
21 126 234
134 80 478
119 46 850
130 99 737
19 39 247
126 103 27
69 128 430
53 111 858
100 111 621
101 135 801
1 23 693
3 104 743
39 131 311
69 96 215
4 49 861
35 103 485
30 27 81
20 124 184
78 113 626
98 82 681
71 41 405
123 87 878
64 109 571
3 34 369
41 84 808
70 124 723
25 86 462
10 118 103
28 17 79
9 36 389
125 23 621
52 116 332
108 53 454
67 12 687
56 49 255
74 93 422
117 18 36
132 131 708
91 47 735
5 81 381
50 11 611
27 43 410
58 0 399
94 20 858
135 88 70
85 47 482
33 122
61 134
99 119
122 1
67 120
59 41
96 88
100 17
41 37
47 81
65 122
30 86
113 74
66 10
76 111
72 95
115 73
37 56
40 91
100 14
39 131
34 58
81 79
125 113
114 26
4 101
108 7
52 46
85 65
96 42
21 108
17 113
115 134
68 93
68 70
53 33
69 111
67 88
95 49
127 131
48 92
73 55
33 130
70 87
15 38
26 42
0 70
134 119
47 18
49 20
100 34
39 76
89 128
93 48
28 18
102 18
40 52
69 105
128 98
78 135
90 93
76 55
82 117
6 100
57 18
14 4
24 8
117 45
102 55
110 79
10 115
38 55
128 25
49 56
78 53
69 113
18 44
112 66
20 48
19 27
122 83
24 64
112 5
8 36
33 20
37 11
6 106
97 80
105 52
96 89
38 21
30 8
52 124
51 120
7 47
62 44
5 14
16 41
47 55
73 78
37 7
25 20
99 65
35 105
23 9
79 17
103 39
58 114
121 78
104 4
34 120
109 97
43 88
71 133
4 36
73 67
48 69
126 116
62 11
59 120
99 27
79 58
74 24
36 109
37 1
26 98
60 102
71 57
16 24
54 23
13 66
53 36
82 97
74 15
123 25
131 58
108 3
74 20
106 45
56 119
118 84
6 65
8 91
17 23
107 91
95 87
106 41
131 32
27 103
47 27
59 70
126 45
97 117
106 104
119 100
90 32
53 48
76 70
32 133
106 69
97 54
115 42
19 96
89 113
45 50
101 44
87 59
43 96
70 110
75 102
10 123
113 106
36 2
15 12
38 18
122 32
89 104
3 117
111 104
81 80
6 14
40 15
124 106
133 61
98 29
2 0
47 82
16 101
53 14
124 117
114 96
3 63
112 85
23 39
63 105
28 8
122 67
49 19
90 26
69 94
73 102
97 16
62 58
88 115
117 91
11 124
34 37
100 50
51 27
119 100
45 24
23 58
67 132
31 93
52 84
126 34
47 97
126 81
17 126
106 73
18 40
116 127
10 106
89 24
122 73
97 12
106 30
12 114
29 8
36 124
123 54
57 30
20 1
48 106
28 65
4 27
76 105
2 52
112 67
123 85
135 4
10 128
90 111
89 95
103 67
110 133
70 123
86 116
45 113
28 104
25 134
79 9
110 77
38 89
131 19
0 125
31 57
52 16
62 104
73 8
23 96
89 51
106 109
44 72
93 121
27 0
26 87
42 64
79 48
94 111
81 64
99 91
9 3
109 115
8 47
48 35
121 48
86 23
92 44
130 81
90 81
28 58
40 81
103 125
7 33
34 44
30 83
118 9
35 110
25 72
25 127
10 21
106 14
122 51
43 24
1 26
23 123
103 90
98 112
91 109
93 70
16 44
17 118
30 101
28 8
126 67
6 121
51 39
133 34
90 41
1 126
3 37
42 27
102 116
69 123
104 36
1 46
61 67
126 117
14 17
97 95
5 38
10 37
112 79
37 95
8 28
120 97
119 102
114 113
45 80
17 1
12 6
114 133
96 132
32 33
90 25
97 49
10 24
6 16
110 103
131 115
98 6
61 29
126 81
115 58
68 71
28 72
106 13
55 62
36 12
127 0
63 65
62 95
80 11
61 130
124 130
122 27
7 120
72 130
12 62
37 45
21 55
36 120
122 64
126 14
117 87
117 111
129 75
3 31
10 50
54 85
131 52
9 25
87 125
70 16
26 7
64 95
59 88
66 18
53 79
4 96
51 75
58 68
31 89
0 94
70 54
63 104
80 7
124 40
121 77
27 17
35 64
98 132
63 0
19 61
10 83
44 15
72 51
120 57
103 3
117 35
6 116
75 4
121 79
97 123
55 97
38 70
39 119
0 40
128 111
87 17
105 74
24 75
0 4
99 38
50 81
45 103
33 45
66 63
18 85
98 111
120 88
114 94
19 31
133 121
94 111
92 22
83 117
64 6
113 53
89 114
110 92
52 60
109 52
14 134
78 6
126 80
90 84
59 96
6 95
40 108
45 122
37 18
47 92
18 40
65 99
43 20
70 63
129 56
29 16
92 82
68 111
122 7
115 123
132 67
84 113
74 94
12 117
97 30
85 28
122 47
80 62
101 113
35 99
115 117
64 69
94 99
35 126
15 62
16 78
108 22
111 71
30 126
125 39
97 18
81 134
120 68
95 82
64 13
40 67
70 54
24 132
48 56
37 98
6 24
59 24
51 16
24 18
101 67
60 8
109 71
31 105
110 76
84 106
38 13
75 41
106 34
25 41
0 27
86 84
7 69
47 124
38 17
6 113
70 120
129 2
110 31
103 93
81 45
77 24
132 133
133 32
126 104
78 94
120 6
55 123
74 47
51 6
68 111
77 63
7 134
92 30
81 18
27 20
23 116
75 43
78 79
51 78
94 65
81 105
121 91
123 19
111 104
36 101
65 51
5 110
58 26
128 104
24 95
100 20
44 110
116 35
1 70
122 80
117 14
19 113
38 135
121 114
47 63
61 44
10 108
88 79
21 57
17 0
40 103
119 69
16 8
106 2
17 29
78 103
128 105
24 4
