100 500 10000 4 415
49 65 80
17 65 339
33 84 207
47 51 383
8 74 226
85 55 85
20 40 84
97 85 32
75 73 336
55 70 277
24 57 361
32 48 373
55 0 186
74 57 182
71 7 159
6 57 80
19 62 125
34 19 376
28 66 162
7 6 90
33 88 31
15 82 160
7 17 294
20 10 250
74 55 79
35 5 15
11 57 63
2 5 77
39 97 28
60 17 241
31 15 38
23 32 167
35 34 305
46 26 369
55 89 311
84 13 384
41 38 219
48 80 295
52 7 327
75 3 351
51 18 405
19 81 152
64 18 180
30 10 336
53 27 98
68 75 406
92 44 102
52 56 103
24 69 335
51 17 281
20 93 240
33 49 17
8 14 327
43 47 363
28 19 119
53 23 87
59 74 183
40 76 345
49 37 213
53 24 126
72 31 169
24 91 247
5 76 133
89 36 132
27 82 145
4 36 341
19 1 186
92 51 364
75 96 148
54 41 119
53 30 410
57 46 160
15 45 153
21 69 18
63 26 214
73 57 68
61 67 353
87 24 386
22 65 276
99 98 325
50 14 169
54 30 62
61 10 252
7 94 57
58 24 53
79 90 167
39 90 86
37 95 356
21 86 227
9 62 375
25 95 22
17 12 322
68 29 155
71 83 266
77 90 107
78 0 168
25 99 148
42 49 96
34 16 409
41 81 99
29 77 383
41 91 269
38 49 195
29 27 112
52 76 386
83 96 292
14 34 233
53 76 18
4 29 94
30 34 303
91 83 11
31 11 254
27 22 81
75 24 404
78 11 311
94 79 344
95 62 43
95 75 341
98 71 185
69 21 272
47 14 279
27 45 199
82 29 97
87 4 184
10 49 250
27 87 414
53 51 297
14 49 194
46 55 409
99 44 104
29 53 160
29 0 135
32 24 173
64 93 229
27 88 59
69 5 109
83 40 185
42 75 277
31 32 350
89 1 171
38 72 251
93 35 265
68 12 58
21 5 140
55 40 31
16 58 174
7 67 29
20 83 149
56 80 327
18 21 143
7 15 293
10 62 340
23 83 106
78 74 126
42 64 235
16 22 158
49 20 241
32 71 307
19 22 89
24 85 398
90 83 89
16 57 38
70 78 158
41 72 242
52 74 10
15 77 260
96 72 320
70 84 280
47 79 185
40 12 115
54 2 270
18 52 140
56 73 65
28 72 136
18 0 379
28 11 152
5 0 396
11 47 308
93 63 388
49 3 212
83 46 177
88 82 317
20 53 366
40 74 389
14 25 321
22 73 330
44 35 398
76 79 78
16 66 300
80 99 289
63 68 397
13 4 139
86 3 239
84 87 70
48 31 63
98 42 188
54 69 294
97 96 307
15 58 343
51 2 90
88 94 410
61 19 168
92 23 174
74 7 40
10 33 333
70 4 79
29 50 197
3 1 321
64 24 9
78 97 306
74 45 284
38 1 382
54 4 80
75 93 110
30 78 62
70 15 275
0 8 165
96 74 131
40 60 208
38 68 367
14 24 343
10 76 84
87 18 2
71 26 331
39 25 313
58 16 115
67 14 331
25 50 346
9 7 407
18 98 392
81 18 19
20 89 360
65 28 250
80 16 410
52 9 401
22 57 322
50 61 220
37 45 339
6 95 243
77 20 345
94 85 372
76 19 311
74 80 338
75 58 180
20 59 70
30 80 395
6 0 270
24 17 180
92 89 116
66 47 113
60 23 312
72 37 54
57 3 88
57 44 36
68 93 3
27 50 236
58 0 386
79 49 194
80 50 394
97 37 201
74 10 266
63 67 318
90 62 286
61 36 253
36 37 104
68 3 288
36 87 102
95 55 236
16 72 281
12 19 63
16 39 297
95 93 337
59 70 78
45 91 220
53 4 84
17 84 80
90 23 373
69 63 359
15 76 270
75 45 146
35 92 37
20 83 165
76 56 408
84 11 75
86 2 227
67 71 235
70 3 141
51 5 411
87 46 317
52 6 194
80 28 241
65 96 358
56 79 34
68 52 357
17 10 159
55 35 246
80 85 266
19 20 63
81 27 327
29 16 107
10 43 210
93 91 73
25 52 318
48 29 278
35 14 183
1 8 306
57 56 189
75 98 399
81 7 26
73 15 227
14 27 203
41 14 117
80 45 268
77 40 3
51 16 370
76 78 368
64 44 96
88 26 244
68 58 99
96 97 227
41 8 324
54 18 63
90 58 236
69 40 340
83 9 348
89 88 55
47 93 193
40 1 273
66 56 241
77 53 218
67 99 290
17 79 363
76 84 6
67 97 349
92 34 338
3 76 182
38 46 254
33 91 23
62 19 193
51 61 130
17 25 115
41 2 93
3 37 61
79 62 245
34 39 245
61 1 381
52 90 1
96 56 85
36 89 158
3 65 312
96 19 327
28 36 118
27 17 54
85 67 262
83 8 97
55 92 169
74 18 283
7 62 112
74 17 342
63 70 50
36 7 265
3 22 370
1 22 62
28 80 51
75 68 216
3 32 51
59 53 282
11 75 18
87 58 41
5 80 414
94 0 203
22 91 27
57 45 125
85 45 55
32 11 276
29 59 117
94 24 294
12 79 350
16 13 305
85 37 156
51 44 363
52 34 24
88 35 203
37 32 20
34 51 198
60 81 243
4 65 83
18 85 412
22 19 358
25 38 155
4 81 61
94 23 102
71 49 325
58 36 7
29 31 397
75 22 66
9 25 175
76 73 43
27 26 362
51 91 71
68 92 344
45 72 343
98 85 204
6 86 94
26 69 123
95 60 368
99 72 142
86 46 114
60 27 320
97 98 7
96 67 343
85 45 161
67 33 365
99 4 395
97 75 329
97 59 58
17 60 145
59 73 209
15 46 396
94 18 241
48 79 36
44 35 375
43 74 299
1 57 375
33 9 132
84 91 96
5 19 94
80 54 205
89 50 263
75 36 256
15 74 134
44 57 153
88 96 324
59 5 194
63 86 49
21 8 343
58 97 258
47 68 96
32 31 99
83 31 115
47 77 203
35 11 12
81 89 28
38 54 133
28 8 133
44 74 286
23 37 233
84 89 334
22 28 116
59 39 5
5 77 173
70 25 53
13 9 4
42 67 193
74 2 318
62 8 106
45 66 223
85 35 90
49 40 91
5 44 83
64 47 102
57 17 245
16 81 316
82 23 79
56 78 330
36 38 269
43 87 317
58 38 389
53 91 276
10 6 399
43 78 175
72 39 287
96 6 371
56 15 1
82 34 133
63 49 7
16 96 216
49 81 110
57 29 153
33 1 255
51 1 139
20 77 179
44 36 123
7 78 368
97 10 316
80 82 54
47 91 36
57 47 384
24 85 10
27 35 123
95 44 186
38 16 143
44 63 162
33 37 381
28 10 36
31 26 339
9 19 39
22 19 272
36 90 163
47 48 62
79 68
33 67
87 98
51 45
57 79
62 11
67 98
47 87
54 15
5 20
21 80
29 73
9 94
3 90
55 2
38 93
72 56
53 72
5 14
60 62
12 66
42 94
84 5
18 22
90 73
58 93
14 0
33 10
87 69
38 39
43 40
79 1
34 48
93 80
79 87
51 59
27 43
28 31
55 50
44 7
33 57
43 22
79 28
14 56
96 45
23 70
1 44
8 20
20 71
51 91
30 37
31 34
65 60
41 87
28 56
86 3
39 62
94 75
37 88
46 61
22 66
19 55
34 81
68 61
40 66
74 25
1 18
66 28
59 79
72 74
60 27
55 94
1 36
22 80
24 10
65 50
52 56
70 1
65 66
75 11
21 36
34 76
45 39
21 15
50 14
59 80
64 63
82 7
2 28
66 52
75 82
12 70
71 22
7 66
43 95
44 73
86 93
17 90
37 11
90 70
27 21
73 95
49 59
31 7
12 18
74 0
60 25
59 80
55 31
34 90
99 45
4 87
20 89
91 8
88 76
32 46
69 14
8 91
51 7
8 97
94 58
43 8
9 0
76 20
97 43
99 77
40 54
13 1
9 48
79 92
12 39
82 39
98 13
4 29
8 85
72 90
68 4
74 85
0 17
32 94
44 92
20 90
36 74
50 10
93 56
54 96
75 48
57 47
70 64
45 76
18 49
93 83
35 21
46 72
4 91
95 33
71 97
0 7
28 60
61 99
84 79
67 68
87 99
78 90
96 68
37 21
91 52
49 12
28 52
81 77
7 22
41 27
90 86
63 53
82 53
53 44
61 33
17 63
46 9
21 78
22 25
53 12
15 57
45 71
72 48
24 79
85 34
92 39
9 14
77 68
96 67
49 72
32 2
83 29
55 83
54 85
26 85
32 67
98 44
35 57
41 26
16 57
73 42
17 97
17 41
70 99
25 98
53 37
18 4
59 58
26 98
91 58
97 72
53 47
76 39
67 73
32 74
43 66
72 19
83 0
60 57
94 93
21 68
82 66
11 17
4 96
85 18
21 23
64 67
19 3
32 5
30 25
9 3
28 34
85 69
75 86
11 35
0 24
66 84
5 39
9 92
96 11
37 77
47 93
58 96
43 60
87 52
26 83
56 12
67 10
93 58
93 66
90 76
52 24
86 95
47 34
13 85
7 11
28 3
15 76
48 94
93 19
85 44
14 18
44 88
34 77
27 33
25 30
33 14
23 82
79 46
95 55
18 57
53 95
8 52
84 20
85 40
88 10
56 45
83 27
14 67
99 48
41 66
70 36
96 94
82 33
21 27
10 65
66 64
70 52
95 33
62 79
30 48
34 99
58 55
65 98
70 15
33 56
9 40
89 25
3 13
48 19
28 57
66 67
7 61
6 57
69 95
94 69
34 15
43 2
7 94
38 63
54 6
88 71
16 39
27 63
51 96
29 83
3 33
26 69
20 48
45 48
95 14
25 31
15 45
8 6
38 7
48 38
88 25
33 8
15 21
10 74
76 90
61 70
93 39
34 95
95 6
68 64
57 69
58 44
52 95
23 61
32 79
19 52
49 17
65 26
29 92
86 66
33 77
20 85
41 62
83 52
19 3
2 32
73 62
30 35
70 52
43 32
49 79
16 93
16 38
42 71
9 77
47 38
1 66
34 77
2 35
65 98
83 29
85 24
92 39
8 40
97 49
2 58
36 87
65 12
98 70
78 32
40 81
65 84
72 70
36 9
50 68
60 74
7 45
89 86
65 1
55 0
79 61
68 62
45 41
24 68
39 56
63 64
81 82
12 37
92 35
62 41
4 48
42 93
68 52
6 31
50 51
29 48
67 45
44 61
83 62
64 42
76 23
35 18
21 91
94 95
69 17
6 29
11 85
19 37
8 21
91 9
67 85
41 28
5 68
60 67
26 73
47 81
20 35
80 85
19 58
38 46
59 91
45 76
93 34
51 36
53 58
6 70
32 12
40 41
23 32
12 25
9 21
88 77
5 65
74 10
31 85
14 85
1 93
5 97
11 24
6 14
16 66
11 47
2 46
16 66
76 32
48 39
53 39
60 74
96 6
66 42
27 44
31 5
0 12
14 21
71 81
15 72
8 52
10 96
35 87
43 12
68 97
6 9
37 97
60 16
36 43
3 54
38 89
26 25
2 95
96 77
72 41
97 98
58 19
70 31
59 43
7 21
23 45
27 91
65 28
15 84
99 59
98 22
33 46
15 92
80 79
27 45
22 61
38 51
89 88
57 21
34 57
29 16
36 46
95 85
9 3
50 45
52 43
62 28
52 69
25 78
79 23
3 86
52 29
59 56
26 1
12 34
8 90
34 68
22 87
60 1
34 95
93 41
76 8
30 60
38 33
28 70
85 63
48 60
1 2
88 12
27 71
23 74
88 41
49 65
44 66
29 99
57 31
31 70
81 8
19 2
41 55
82 96
93 15
82 93
84 61
91 29
18 36
25 4
5 31
18 78
15 52
1 74
45 75
95 42
54 7
24 95
77 10
93 39
52 9
92 55
66 56
99 19
67 55
82 32
89 41
22 10
3 30
67 79
28 73
99 57
5 76
55 24
79 83
30 2
5 27
19 53
72 0
69 99
53 90
65 50
77 58
0 19
97 85
22 14
1 42
95 77
39 77
84 25
80 93
52 97
53 77
0 23
63 32
32 74
31 95
96 64
21 69
29 84
65 66
88 87
6 35
31 88
48 49
76 23
11 26
64 96
9 57
22 72
53 33
56 10
0 54
34 27
3 87
92 4
14 65
93 9
41 91
1 62
83 62
68 82
53 73
23 43
64 24
50 92
72 69
70 41
61 94
92 89
74 65
69 17
91 84
89 80
3 26
64 40
0 38
53 27
65 49
59 80
49 12
67 51
40 48
44 94
91 71
63 11
91 33
91 77
87 92
47 12
7 74
22 34
89 49
73 66
17 98
0 5
23 34
1 20
36 21
59 33
73 89
17 4
23 19
87 71
40 76
64 14
45 38
52 62
98 89
75 18
85 63
72 78
68 74
61 3
82 77
23 39
92 98
15 34
70 1
80 2
0 4
45 58
47 1
78 62
64 92
2 86
23 52
8 94
76 37
44 54
36 90
1 5
93 21
11 63
50 51
11 41
18 42
36 55
79 17
9 52
4 9
22 65
68 1
49 52
78 23
86 42
64 19
67 48
35 15
39 22
6 67
50 90
74 76
34 10
15 76
25 82
2 36
14 8
53 41
78 86
20 46
32 2
16 97
95 84
39 7
21 75
99 90
11 67
7 71
83 26
58 1
70 64
56 20
81 82
87 0
61 52
94 86
75 51
87 45
15 4
68 51
8 6
43 31
55 10
67 5
67 15
18 30
12 56
24 25
71 32
17 50
29 25
43 11
65 75
75 90
15 58
17 23
96 14
80 36
56 96
88 34
59 16
79 69
63 52
66 79
47 39
26 25
26 73
9 26
53 14
15 74
16 19
87 68
48 13
4 99
20 53
18 25
78 10
44 75
26 10
95 59
0 1
65 21
38 62
43 22
25 36
31 50
0 52
38 63
78 3
89 56
94 25
7 47
9 92
59 3
26 96
30 13
19 32
19 30
5 49
3 2
42 0
7 47
26 81
55 17
50 78
59 30
7 72
86 49
90 92
26 78
6 7
15 36
43 9
28 45
30 24
46 75
71 44
13 91
39 47
92 1
80 73
14 99
45 31
81 28
39 84
96 4
81 94
21 51
5 39
33 68
70 95
79 43
33 99
85 60
35 15
66 70
32 74
56 81
53 70
55 51
99 59
8 80
4 86
29 53
21 63
62 64
48 68
48 67
98 25
91 89
92 68
12 27
29 68
14 93
39 49
70 65
63 78
93 48
77 62
98 30
93 71
46 57
62 48
92 46
52 30
94 10
74 76
72 99
15 25
79 13
5 50
88 5
97 16
6 71
33 48
49 77
88 51
57 25
74 79
84 7
6 65
45 22
34 94
63 45
35 3
24 95
72 73
78 8
61 38
75 45
57 60
24 99
86 72
20 13
46 67
43 26
5 72
66 20
32 68
85 62
65 71
90 84
58 43
83 70
23 4
19 82
92 41
17 89
60 56
60 1
52 13
38 42
31 14
9 91
79 53
51 91
10 52
62 17
26 36
37 90
85 26
31 98
49 62
87 39
4 72
15 41
21 55
10 65
67 49
1 54
34 48
20 42
64 81
10 36
94 99
35 49
42 16
91 18
42 80
79 46
72 44
87 85
4 26
84 40
52 4
8 28
41 99
3 98
64 52
77 57
63 41
86 34
57 15
71 24
49 45
63 55
54 38
49 63
45 51
88 66
28 41
3 8
81 92
26 0
92 90
55 92
95 19
75 81
1 30
37 85
13 82
98 40
40 24
94 96
92 99
77 43
28 41
80 35
46 10
19 92
18 47
8 90
45 69
87 45
22 58
39 85
77 7
11 68
86 57
65 54
65 20
33 68
30 19
97 82
97 76
59 7
8 72
14 98
49 7
80 79
63 30
35 44
72 17
13 71
60 92
71 81
87 61
7 95
47 82
61 22
25 62
39 66
89 4
71 44
81 42
99 90
23 28
38 33
42 89
39 29
15 8
16 18
36 21
41 20
41 3
98 27
93 44
64 50
27 6
32 73
96 83
31 99
11 28
11 63
38 36
2 75
43 60
41 43
54 51
62 72
26 10
53 44
11 43
91 18
91 29
9 31
17 40
16 29
27 1
89 51
23 70
34 7
44 41
81 94
47 97
47 46
76 24
41 57
62 80
32 23
49 36
76 95
30 19
15 6
28 39
5 44
1 35
20 59
51 12
91 70
99 24
91 33
99 63
36 15
95 30
62 40
85 43
2 9
3 90
93 74
22 33
83 3
52 36
40 75
88 6
85 17
58 12
93 42
32 18
53 96
40 94
63 6
86 1
76 24
5 73
11 34
23 77
71 42
77 38
16 88
92 41
14 71
35 63
6 45
70 36
59 67
63 59
42 16
2 99
97 69
25 68
35 60
77 73
56 61
56 26
44 19
41 59
26 64
22 72
55 86
70 25
78 66
98 21
29 98
75 20
93 80
44 73
44 75
48 29
52 45
84 96
9 40
39 94
82 35
20 8
37 25
7 97
6 60
13 73
35 89
31 42
69 51
54 61
5 64
57 21
76 72
61 84
65 24
89 68
66 20
23 41
42 59
23 17
89 73
74 59
79 53
60 69
1 89
50 82
92 34
97 36
23 20
58 50
42 79
14 11
72 64
26 1
75 82
55 22
13 3
12 35
6 5
81 63
96 15
38 98
19 53
36 61
14 74
89 53
4 36
33 70
18 54
80 29
22 97
49 44
70 63
93 19
87 58
28 15
32 72
31 99
74 64
22 87
94 90
84 23
78 70
68 60
61 54
97 72
72 60
14 71
36 71
96 89
29 59
85 38
4 79
88 94
87 16
47 61
78 36
45 97
97 35
52 22
91 31
27 96
36 99
88 84
86 75
83 61
95 83
99 90
51 36
86 96
86 50
66 88
79 83
90 29
47 19
55 10
52 5
61 15
15 81
75 8
27 82
86 28
46 60
53 20
89 90
87 20
33 58
50 74
43 48
87 54
7 1
60 77
20 1
57 4
71 86
68 37
87 40
3 42
8 90
30 90
72 7
99 86
22 84
98 76
90 91
81 40
51 68
6 97
67 49
32 62
22 49
90 82
86 99
8 35
75 95
67 38
91 13
14 52
93 76
59 87
58 38
62 3
15 94
87 45
52 93
76 86
98 0
86 59
36 34
52 71
41 71
91 37
58 18
56 41
71 9
79 60
97 81
71 41
29 85
87 15
28 96
29 52
1 44
25 34
59 26
44 93
64 40
31 54
70 12
98 15
88 27
45 15
48 26
6 40
24 55
44 74
95 51
6 93
45 18
18 87
45 42
95 5
60 89
4 96
40 91
78 5
5 23
75 45
53 27
92 2
57 37
72 10
78 18
87 74
67 83
5 35
28 37
69 1
31 1
14 37
17 38
86 76
48 69
84 62
86 21
9 50
78 86
18 54
99 66
6 84
38 88
52 48
41 92
48 38
28 19
27 3
16 82
19 97
55 40
63 94
16 82
96 66
13 80
3 7
82 32
81 51
68 62
97 72
27 90
61 48
87 70
82 4
16 83
11 6
89 26
3 97
82 35
68 35
10 9
0 79
7 73
49 35
33 90
54 84
87 53
65 67
91 51
94 9
38 11
30 38
21 76
28 89
10 89
77 96
60 98
4 19
84 53
69 82
21 50
66 45
46 36
78 2
21 47
63 13
39 88
11 33
77 56
14 79
9 31
11 99
54 13
8 70
69 75
13 92
30 96
24 80
49 53
75 90
79 19
30 35
9 96
59 66
47 18
98 58
62 88
95 6
22 91
4 15
98 5
74 57
90 85
91 94
46 31
63 70
88 72
93 35
90 85
61 34
85 54
12 4
18 67
15 95
79 62
74 52
42 65
50 96
58 75
0 69
79 26
84 43
17 18
86 35
36 12
38 85
66 35
77 64
76 87
11 42
51 93
88 47
34 84
44 35
9 35
28 48
64 67
57 42
99 8
32 79
33 49
65 17
48 4
33 49
11 46
65 83
45 77
61 45
87 66
75 8
68 90
34 49
71 48
77 64
80 75
75 39
39 17
47 8
33 87
29 30
69 29
40 58
37 94
40 51
82 94
21 50
26 70
26 37
99 24
9 92
86 34
5 58
23 46
61 27
60 49
39 40
81 62
32 34
5 89
42 76
50 32
80 83
19 2
93 19
9 33
77 31
3 48
82 10
38 50
44 6
36 41
6 68
39 37
38 84
86 32
58 32
42 36
1 44
80 5
86 19
62 29
46 20
25 11
12 43
33 88
19 99
0 69
55 73
98 45
42 46
81 2
57 88
93 34
73 31
21 48
22 41
37 65
75 66
1 81
96 93
83 12
67 71
34 2
11 81
76 37
77 61
46 50
60 89
50 12
34 54
18 66
83 98
31 25
57 12
9 2
96 87
58 98
51 17
6 81
76 17
39 53
17 99
45 12
68 1
61 71
35 22
81 43
54 57
48 59
11 65
75 43
95 51
20 99
66 37
75 42
47 44
91 69
78 53
64 21
21 75
20 72
12 51
2 47
19 68
0 75
36 82
72 73
50 36
94 65
65 18
89 35
10 31
57 11
92 70
36 58
38 15
99 40
23 3
31 27
73 90
58 5
51 67
55 37
66 51
92 88
96 65
9 47
98 93
61 75
16 53
98 49
80 54
19 30
35 6
78 37
19 74
72 7
4 98
16 2
4 66
69 98
1 71
51 83
99 30
62 71
43 95
60 5
27 51
73 13
41 18
35 11
65 16
32 37
7 58
76 11
41 7
17 46
88 65
82 68
80 71
11 57
90 81
77 60
5 27
27 15
61 13
69 58
97 5
14 86
73 84
31 3
27 17
81 34
15 43
83 54
43 77
53 45
2 66
89 70
22 8
47 50
98 61
55 20
65 20
7 46
8 17
6 29
22 93
26 52
58 42
64 94
41 94
0 82
72 63
73 49
55 90
33 50
22 58
62 91
13 69
97 16
7 51
29 83
85 12
11 1
40 69
62 31
14 66
77 83
45 18
48 99
93 87
12 34
95 10
97 98
24 10
85 82
85 60
46 2
16 30
45 29
99 58
86 97
36 14
97 46
87 13
18 48
82 9
3 33
59 77
38 56
55 10
64 79
92 59
65 44
92 23
8 60
58 36
37 67
73 29
65 27
35 46
42 84
43 0
20 54
86 67
15 13
83 89
65 64
93 99
84 32
58 61
70 87
38 3
6 61
45 67
51 16
99 90
78 2
38 21
27 10
25 45
99 46
53 63
72 33
81 73
20 73
48 36
88 16
57 41
60 33
29 75
19 0
14 94
42 72
47 71
62 2
79 51
92 89
10 48
45 79
88 72
60 11
80 42
91 45
42 99
38 54
50 76
50 16
56 63
74 76
56 54
48 73
17 79
62 95
7 71
4 54
18 35
33 83
35 84
10 36
76 65
40 96
34 19
41 55
87 60
26 4
42 15
53 89
66 9
35 14
74 98
17 73
45 35
66 89
86 10
46 55
2 94
67 47
22 35
66 28
84 64
66 46
19 93
11 70
43 21
48 43
96 23
16 67
13 81
11 57
41 4
92 51
25 16
47 2
87 8
85 4
10 17
54 87
70 79
23 40
17 33
39 83
85 79
3 38
98 30
53 61
96 45
66 45
4 52
68 5
64 23
64 91
57 43
2 46
88 92
4 80
90 49
27 89
42 76
13 42
80 88
6 14
63 44
87 22
15 16
53 39
76 45
36 45
68 24
83 58
6 34
94 14
46 84
7 49
11 60
85 79
91 12
63 93
68 57
16 2
38 78
61 27
25 9
57 50
26 17
4 56
37 23
3 75
50 58
33 27
9 8
48 70
40 2
37 70
0 17
15 66
27 13
66 23
30 36
82 22
54 97
2 83
76 21
41 1
53 14
8 73
41 32
30 25
70 80
46 8
16 77
4 70
33 97
75 74
84 3
98 73
78 37
66 26
59 23
99 8
97 60
0 16
0 11
66 6
48 99
29 27
22 80
77 53
78 57
60 4
85 62
90 33
62 63
26 55
63 56
75 65
95 97
81 51
59 46
37 70
22 1
33 46
93 67
20 72
92 15
34 56
31 73
73 84
87 38
75 79
93 9
18 29
43 73
23 36
80 21
30 46
7 10
26 84
99 82
90 65
82 96
63 55
19 83
57 18
71 91
53 64
59 58
37 23
32 31
36 28
62 69
50 99
9 89
7 76
72 5
91 2
14 95
85 67
55 30
86 84
7 81
75 32
74 8
61 59
54 15
43 17
48 3
54 14
63 11
84 37
56 52
35 42
12 19
76 88
81 60
42 46
66 59
45 47
19 70
50 25
88 36
54 21
84 0
15 2
89 98
30 17
92 44
63 76
12 65
76 19
97 61
36 86
42 62
44 56
89 41
68 46
19 8
94 90
14 70
50 12
69 9
37 17
84 34
20 84
61 15
47 85
78 12
26 77
93 83
16 60
9 50
60 52
78 20
0 68
87 97
85 34
29 53
41 29
2 34
89 1
24 87
63 14
45 48
58 37
29 3
14 89
8 88
73 78
69 79
88 2
71 68
77 3
37 51
90 31
77 27
46 11
90 86
20 51
30 98
99 78
35 75
96 78
87 42
68 98
51 96
44 87
54 48
38 58
0 87
23 46
62 42
2 10
85 10
31 26
90 23
90 70
93 68
53 44
49 90
2 30
95 42
74 7
14 96
5 77
31 77
66 73
86 41
61 31
80 31
98 47
61 27
21 9
54 86
20 79
32 93
5 80
86 14
2 8
16 78
92 18
39 32
21 0
49 43
72 5
39 1
7 67
12 72
48 18
86 3
56 5
85 10
38 45
90 47
30 42
59 8
96 25
58 97
50 54
82 96
74 26
96 93
61 2
24 79
27 95
23 28
24 37
56 75
1 6
1 52
36 94
46 8
45 82
98 9
42 75
33 12
88 51
24 83
93 87
78 96
73 12
20 38
3 53
49 53
41 99
64 17
85 43
62 89
51 39
92 51
41 48
9 2
47 3
48 76
89 55
90 28
7 75
3 26
11 56
91 37
91 25
38 83
27 9
43 34
30 53
57 60
16 14
28 41
29 49
25 32
30 17
38 32
48 80
48 73
57 16
7 99
61 57
55 52
71 6
38 37
39 75
57 43
5 75
50 66
29 13
88 87
70 13
67 68
86 65
91 5
61 10
66 28
34 5
42 73
25 21
87 48
4 94
83 14
74 41
28 88
76 65
46 45
10 90
90 8
40 86
10 34
15 75
66 54
68 8
97 25
90 85
53 97
66 61
15 58
54 80
94 5
82 70
41 25
15 54
63 31
41 60
93 76
83 98
48 38
19 11
49 82
56 25
25 65
15 37
86 74
20 16
92 67
56 24
72 20
27 34
43 37
17 63
36 91
80 18
47 27
4 18
1 82
13 84
79 35
56 32
40 5
59 92
82 18
93 77
63 35
17 6
53 84
44 31
52 53
9 2
72 35
1 30
97 15
63 48
50 71
14 18
21 59
24 33
95 98
32 55
19 63
73 9
87 48
88 34
23 25
10 89
65 76
10 31
90 24
52 16
75 72
9 23
95 69
0 64
35 16
26 51
91 75
55 96
27 12
63 84
64 93
68 79
98 86
29 11
94 47
83 93
13 81
26 45
34 69
5 34
19 32
79 33
34 6
16 99
86 94
80 98
82 64
58 11
24 32
21 22
22 89
97 3
30 92
92 15
80 18
89 75
59 34
99 85
72 63
45 49
94 40
22 55
61 4
6 2
79 88
42 78
33 53
26 53
53 76
88 20
47 61
33 9
88 50
92 83
87 28
76 11
75 35
26 44
11 96
83 54
58 29
18 23
23 98
42 94
11 42
92 24
6 93
56 72
50 76
91 56
65 96
59 3
14 28
27 43
9 42
62 25
35 32
17 36
30 34
86 22
49 48
10 86
31 52
39 94
32 58
5 14
29 64
90 65
51 30
3 35
73 37
79 8
16 18
31 27
65 72
45 35
83 6
72 74
18 16
32 57
86 89
84 60
15 64
39 5
9 68
20 77
76 23
31 9
1 73
96 25
12 33
90 21
63 68
51 36
0 30
71 73
71 38
57 34
33 64
5 94
40 89
36 4
65 47
66 21
63 85
44 60
85 99
4 15
58 65
92 82
13 97
27 9
72 90
80 86
60 85
58 70
17 33
80 86
19 40
19 11
79 82
51 52
75 42
49 30
24 65
7 33
76 72
81 56
46 62
68 94
25 37
62 14
92 5
29 19
70 72
56 78
42 65
67 25
88 74
98 23
47 36
80 69
37 43
81 13
43 67
97 31
93 27
28 56
24 62
30 60
55 0
31 41
86 46
55 83
89 53
57 80
90 74
8 28
71 62
37 51
57 32
0 35
93 59
21 48
95 44
10 39
84 26
48 49
88 27
0 32
28 75
27 50
80 51
9 2
81 83
60 37
93 43
55 61
13 61
32 58
72 25
11 83
60 75
84 15
51 80
33 54
20 21
48 44
94 14
21 1
52 2
57 56
2 9
84 10
47 12
69 48
76 7
96 99
19 80
64 20
99 37
62 43
16 48
30 18
92 31
85 93
4 44
17 71
32 68
63 67
96 93
60 53
91 15
81 67
92 24
79 17
98 1
10 66
53 30
9 81
74 84
60 86
96 47
95 44
26 17
5 85
16 92
62 90
16 31
83 45
70 38
7 45
95 61
75 60
92 11
68 61
82 88
46 86
71 60
54 86
80 54
45 71
77 76
83 1
66 55
94 88
9 10
95 28
24 26
72 12
96 44
63 92
12 95
19 83
33 62
59 0
74 43
94 79
19 8
42 56
89 59
20 86
86 64
97 14
23 43
49 32
49 1
92 27
56 67
62 32
70 20
3 77
24 89
11 26
72 51
66 85
30 57
28 47
21 27
13 56
50 93
47 75
55 40
28 0
44 98
15 78
95 88
30 74
26 53
53 70
64 98
82 11
46 36
32 43
94 72
40 54
22 51
15 68
55 68
15 84
21 36
61 79
8 73
51 59
61 8
45 46
48 29
82 88
55 35
1 80
71 65
9 13
12 19
32 48
13 78
43 73
45 51
78 24
52 83
25 11
26 73
76 71
82 81
35 39
77 35
46 6
94 35
88 95
61 95
2 39
87 15
17 21
25 3
11 34
94 72
36 91
77 95
81 58
76 12
61 95
23 60
9 82
86 53
18 90
54 70
28 92
53 6
55 98
84 46
14 30
86 77
82 48
19 18
20 51
26 25
3 29
92 44
16 2
88 75
22 95
81 49
62 95
81 31
73 32
41 24
77 15
69 39
92 23
6 72
85 54
49 98
64 58
79 47
29 12
39 78
21 66
90 85
90 34
10 60
12 51
37 65
35 6
61 17
17 16
84 26
15 1
15 29
50 92
54 43
59 51
76 73
87 93
98 52
61 65
48 14
87 63
20 56
66 54
57 0
31 85
81 97
23 49
58 97
76 53
26 85
60 22
67 89
2 76
53 14
77 54
93 32
31 57
35 75
47 83
96 7
21 16
16 47
65 51
51 15
52 9
0 12
41 81
62 97
72 50
42 0
88 1
94 15
87 27
74 52
38 66
74 8
15 16
62 16
2 8
92 61
30 20
62 56
45 35
65 16
95 29
62 63
85 44
58 38
47 99
13 21
69 52
57 35
18 84
37 4
97 39
45 46
8 19
4 38
13 69
18 85
20 21
88 93
56 3
78 94
36 3
90 72
16 11
51 19
22 75
98 60
46 31
45 15
98 54
84 69
73 30
22 49
20 70
23 0
60 41
21 33
50 94
79 22
0 2
2 43
9 11
82 28
62 56
38 8
42 59
11 46
47 67
53 41
27 83
71 70
30 69
75 65
87 91
4 23
22 81
46 51
54 24
69 31
55 40
28 46
46 82
33 50
51 77
68 53
42 99
16 1
60 8
18 72
11 21
44 71
93 6
86 43
86 72
1 73
41 31
63 3
84 50
41 11
41 65
37 26
83 17
91 2
30 95
87 81
27 90
95 0
51 81
53 20
57 65
8 78
15 93
65 66
35 93
21 36
70 55
26 21
76 63
72 26
95 51
29 13
87 81
94 93
97 18
92 76
44 53
94 50
27 38
89 34
5 95
98 14
16 58
45 8
85 97
63 73
4 59
57 72
43 67
40 53
58 13
70 77
72 71
36 78
54 41
20 30
21 62
53 46
86 34
43 57
45 70
57 38
95 56
30 68
23 42
80 99
24 12
54 64
49 71
71 37
28 20
43 53
31 39
63 95
76 97
25 89
71 5
62 41
97 14
88 19
90 86
1 52
4 57
3 61
14 20
1 39
73 36
76 43
28 1
1 20
76 54
82 67
64 86
9 18
39 6
19 2
83 55
25 82
18 54
14 37
22 7
67 80
71 10
51 18
27 57
14 99
4 50
32 3
4 73
95 81
10 87
64 4
98 52
86 0
22 94
3 25
39 50
34 32
47 73
53 0
2 71
11 54
44 1
12 8
57 8
58 37
72 69
31 99
12 26
41 51
83 82
95 76
9 57
99 27
95 53
42 34
25 17
48 96
21 59
29 27
76 23
13 18
66 0
21 42
90 67
52 43
70 88
10 17
79 52
99 94
73 51
37 77
48 52
21 37
14 18
42 98
73 79
97 63
56 98
52 38
62 75
20 53
43 73
12 46
83 67
18 88
27 71
51 69
83 33
95 51
39 26
24 39
70 90
69 3
68 56
42 89
64 18
76 53
56 25
88 16
51 74
74 83
9 4
60 59
7 18
4 75
74 85
54 2
61 89
64 97
8 11
83 15
53 82
37 75
35 33
27 94
28 60
73 37
74 34
46 83
17 87
3 18
78 53
59 28
4 70
67 47
66 91
82 73
62 2
38 64
70 96
5 33
3 74
19 37
85 6
4 23
3 4
93 75
21 29
60 0
28 61
14 7
26 21
68 74
89 55
58 27
2 90
45 26
56 32
96 20
60 71
0 11
53 16
21 99
81 80
30 3
56 20
10 36
21 81
90 9
1 23
33 77
9 34
11 24
43 77
53 57
46 54
52 85
77 23
79 54
67 38
21 23
31 39
44 9
41 72
40 1
49 9
72 17
12 40
36 54
54 88
36 50
62 3
6 56
12 73
85 59
62 6
30 11
26 71
7 13
27 61
39 35
29 59
38 37
13 24
58 64
43 44
97 86
6 55
1 64
69 18
18 81
9 76
75 97
71 69
39 73
23 65
63 44
69 85
92 39
79 12
28 53
79 53
96 4
43 92
16 61
4 69
7 27
37 48
52 90
21 73
37 85
26 80
64 70
72 68
70 91
49 9
65 32
51 88
1 52
97 2
64 54
11 67
74 38
53 94
80 23
95 11
32 85
36 61
19 82
72 92
53 16
37 8
18 76
86 89
55 38
23 46
44 35
84 19
44 76
47 34
49 20
77 56
61 41
70 72
0 6
38 82
29 49
7 24
29 43
57 83
90 62
45 86
79 40
85 5
90 25
58 69
75 58
24 15
88 3
87 33
87 75
56 23
93 96
87 32
64 99
96 45
27 99
88 27
32 36
50 58
51 9
6 79
28 53
39 45
47 66
26 61
30 71
30 79
43 6
73 18
89 81
23 58
52 36
64 61
35 11
84 91
4 35
60 27
74 34
48 9
18 55
47 90
8 29
5 66
25 24
55 20
20 13
50 15
93 91
66 6
0 16
52 71
46 38
98 97
15 75
42 97
24 49
72 35
58 55
32 23
47 97
59 94
71 26
27 68
3 7
66 73
33 55
45 72
6 82
32 66
41 84
12 83
26 92
24 50
25 9
85 41
98 86
30 11
28 69
91 5
7 98
28 80
38 60
50 92
92 8
52 12
26 2
68 52
30 63
56 10
64 29
66 65
65 32
37 12
80 89
35 90
34 39
48 2
19 21
54 73
56 43
34 7
99 25
79 70
29 50
81 98
72 92
74 41
19 20
75 37
58 40
66 72
71 57
71 64
77 87
8 32
70 12
75 95
85 70
11 44
71 14
77 69
87 63
70 54
49 10
63 66
35 36
52 35
47 20
14 39
0 30
80 93
5 93
24 71
26 24
58 48
70 76
19 56
26 40
34 71
90 74
61 99
36 50
54 31
52 96
86 1
90 84
39 77
84 19
7 70
57 26
53 7
13 10
66 19
56 35
45 23
86 3
74 10
86 70
34 60
47 34
5 78
36 73
93 10
88 33
20 65
2 50
63 39
61 74
57 45
39 82
55 31
27 11
79 73
85 62
29 18
63 57
24 14
61 46
71 55
84 87
99 15
65 91
28 75
27 30
23 70
5 66
35 65
42 86
10 25
51 12
19 51
12 44
36 12
50 84
5 4
39 35
0 58
61 29
36 26
94 75
44 48
59 28
90 87
72 5
57 21
46 11
94 16
27 1
38 18
70 40
77 35
84 70
13 90
36 26
20 45
28 24
53 23
99 65
19 44
57 60
49 43
8 6
38 29
18 35
65 57
97 15
77 88
18 44
14 30
64 55
38 74
84 47
21 27
71 35
92 86
10 31
86 54
84 73
7 83
15 29
5 49
15 20
55 9
4 92
56 76
28 23
42 64
41 28
89 1
52 40
29 19
3 50
72 42
2 88
56 82
60 43
10 51
20 37
25 48
52 9
32 23
55 36
79 24
2 81
37 25
35 45
48 23
43 6
29 40
23 8
5 36
9 94
87 35
70 15
32 12
57 81
73 78
88 99
28 98
17 91
12 77
10 44
22 7
52 58
0 35
26 85
22 1
36 59
49 0
32 97
63 77
36 40
23 13
2 88
12 26
37 38
44 51
43 40
61 29
97 34
44 22
86 21
54 37
0 98
64 83
64 13
45 78
79 2
89 63
18 52
98 20
14 94
32 86
53 79
9 88
38 50
49 33
36 76
33 6
1 89
96 70
61 55
80 60
45 95
76 81
23 48
3 34
58 54
63 23
41 74
21 73
67 9
18 9
50 46
37 93
1 67
0 8
78 95
65 40
72 69
96 23
18 51
61 44
2 74
77 60
15 63
7 70
65 72
25 30
53 71
11 98
9 87
99 25
68 31
45 37
64 51
55 89
27 56
64 48
79 50
51 85
8 48
82 5
4 52
31 7
60 58
18 99
41 58
72 54
49 39
63 17
1 34
75 25
49 88
70 41
57 32
29 46
72 8
83 18
27 12
98 51
32 97
37 44
44 46
48 45
2 94
71 75
8 61
29 82
63 62
52 82
56 14
46 28
79 62
0 40
27 42
34 84
15 89
61 4
52 19
18 67
83 36
71 58
31 32
37 24
42 8
99 61
66 53
85 60
98 97
79 45
68 33
47 80
26 94
16 7
10 29
63 94
52 36
47 66
84 86
34 78
21 62
75 52
51 25
70 12
84 16
40 67
84 14
30 87
89 36
41 65
91 96
80 21
14 47
2 44
78 1
28 9
92 26
82 69
73 69
11 96
48 38
50 58
51 92
30 10
21 76
11 37
10 32
4 87
49 82
51 29
57 24
89 34
89 15
96 71
64 8
36 51
18 84
91 56
14 48
35 16
75 65
34 45
36 65
73 76
69 43
37 60
43 30
59 9
25 95
2 3
95 92
46 37
97 43
49 42
70 21
18 98
87 9
94 30
58 49
98 69
64 90
71 15
16 29
74 34
40 24
76 36
71 79
79 12
36 22
21 48
63 62
61 17
33 31
58 2
25 18
11 13
6 30
49 10
58 26
87 18
11 19
68 22
11 91
72 17
97 37
66 93
65 8
74 70
6 12
11 67
66 95
13 96
98 0
67 21
89 44
66 28
9 20
44 40
55 79
87 77
3 11
25 19
56 34
63 35
68 9
97 79
6 40
21 74
4 10
54 81
4 90
99 87
58 10
73 15
83 10
45 79
63 28
77 12
50 44
0 94
74 87
3 98
18 54
30 7
97 14
5 47
76 75
93 79
1 50
45 98
30 91
62 53
81 39
89 43
45 12
57 26
11 24
29 86
5 41
98 94
54 32
75 53
15 34
18 82
38 26
54 92
5 70
16 19
81 97
91 8
53 26
29 93
9 91
65 0
14 25
52 90
43 90
7 34
4 37
95 0
58 71
35 72
74 14
28 22
99 38
85 7
55 83
88 13
41 36
75 95
69 7
50 86
81 28
41 29
36 28
65 71
37 22
40 83
10 0
66 57
84 49
93 23
93 6
21 53
51 8
89 7
93 64
10 46
21 19
10 25
89 3
43 82
69 78
63 51
56 7
11 26
28 44
94 80
29 2
71 59
30 21
12 73
53 77
59 29
69 3
33 55
49 13
68 39
87 48
15 67
90 66
83 79
6 3
76 2
49 30
62 37
97 68
23 35
64 50
48 19
38 85
77 71
23 90
80 8
83 74
22 45
86 30
27 65
62 97
5 0
73 69
79 3
62 67
92 57
91 46
62 38
17 64
85 50
22 96
41 52
55 17
62 58
38 68
46 95
79 94
96 99
53 54
66 71
8 77
66 80
54 0
43 63
27 24
4 21
96 93
38 88
88 72
28 25
81 91
81 9
32 92
79 12
26 75
44 21
56 79
80 37
90 39
85 21
52 22
18 87
40 13
52 26
1 31
10 87
78 81
44 76
0 34
21 53
78 99
25 53
36 65
84 70
30 11
72 50
82 58
81 56
26 63
34 78
41 77
4 6
78 17
67 40
60 32
95 34
19 80
76 36
50 77
17 72
71 29
23 60
95 33
96 14
64 12
54 8
38 60
45 87
79 20
42 28
33 21
16 82
76 77
27 7
16 18
61 72
90 52
15 30
61 8
89 88
24 93
64 7
56 53
71 75
4 43
11 14
89 53
6 24
64 81
61 91
76 64
44 52
45 55
41 61
12 70
49 96
16 12
11 47
72 49
28 43
29 67
65 16
52 61
46 53
24 46
75 32
35 30
46 69
5 60
25 30
22 36
97 43
93 15
16 19
89 26
18 57
26 61
13 42
67 55
10 84
3 29
0 75
48 74
94 65
28 33
27 46
46 13
24 1
22 54
39 29
50 75
13 98
14 70
23 64
18 58
31 96
94 39
49 31
10 98
71 60
16 80
76 25
70 28
19 54
80 91
76 87
16 57
61 47
79 59
60 5
18 17
80 21
26 47
79 95
69 38
26 14
48 95
44 4
81 13
74 88
46 21
2 10
77 96
54 51
20 25
79 77
48 43
2 3
6 86
78 72
7 6
52 15
61 93
26 3
27 13
64 69
45 69
22 30
17 70
89 47
96 83
1 30
84 79
40 94
40 94
99 61
20 73
99 63
45 5
80 85
40 29
49 3
90 41
62 22
35 66
70 69
56 64
68 42
28 30
6 81
8 13
4 19
14 47
86 99
99 92
66 13
87 63
40 56
93 91
51 64
63 73
78 30
87 75
41 27
77 89
92 94
80 42
42 92
21 55
48 76
63 6
22 59
86 51
89 45
49 97
58 39
81 58
78 36
17 22
67 88
56 59
24 67
57 87
43 20
47 31
72 52
68 45
30 83
4 74
27 8
64 96
46 28
18 1
56 39
20 66
71 45
9 4
99 81
96 45
60 63
16 41
89 40
26 59
21 90
29 46
89 29
9 86
62 39
71 95
90 97
97 92
7 89
23 25
30 75
49 94
6 10
62 42
82 61
16 93
2 53
73 61
56 43
57 86
35 5
27 4
11 99
70 8
47 74
71 88
58 86
3 76
85 10
81 37
43 11
34 46
64 73
83 64
37 93
85 10
82 69
55 6
46 90
49 38
13 9
39 42
97 84
16 57
99 9
69 88
90 22
47 0
24 5
19 76
74 1
95 39
17 75
28 8
9 95
99 40
54 63
84 91
85 65
56 54
90 12
17 46
34 45
58 56
85 11
97 4
53 56
55 42
30 98
46 76
42 59
67 15
20 96
85 98
90 60
40 2
66 36
37 35
44 67
58 15
55 24
5 94
5 21
64 25
80 38
98 99
76 34
55 54
29 18
55 1
10 62
37 29
95 24
23 24
83 4
75 82
30 47
77 72
24 55
5 36
79 80
3 90
53 56
48 13
76 62
41 38
54 37
68 18
99 94
19 75
58 99
41 47
8 41
93 91
87 24
47 31
18 85
78 85
21 16
22 54
66 63
73 40
10 97
82 71
73 26
84 71
80 93
50 97
94 71
61 45
16 62
13 93
62 82
92 38
25 90
70 73
11 20
41 91
62 54
15 28
79 90
38 68
58 70
49 38
59 33
43 41
85 23
41 21
82 4
86 8
35 42
15 89
26 15
76 46
0 37
41 33
74 61
64 56
26 24
34 73
24 51
73 1
82 87
40 87
1 27
54 66
36 44
93 55
58 26
7 34
16 6
29 97
49 4
72 11
69 6
1 93
39 95
47 5
46 94
39 47
27 72
39 35
0 46
16 6
39 72
61 38
99 62
70 28
45 82
13 64
12 75
38 84
88 43
14 44
84 2
20 44
28 53
52 45
62 69
59 89
42 15
57 11
75 52
32 15
31 28
40 71
3 70
48 5
99 4
51 67
30 39
73 64
46 20
14 35
95 3
35 2
91 22
67 72
64 12
50 4
91 67
25 24
91 15
87 91
35 15
67 57
60 90
44 36
98 67
15 65
24 88
97 17
90 17
95 43
6 43
44 80
54 0
84 65
30 27
5 31
49 55
25 26
66 36
5 80
94 90
15 92
48 84
76 97
27 40
50 59
65 53
98 93
51 62
87 59
47 0
67 47
92 91
18 48
99 32
81 31
50 8
43 87
39 8
47 40
80 13
33 21
8 67
62 77
55 46
27 36
71 13
76 0
10 65
29 70
31 7
41 92
3 93
33 81
66 35
70 7
13 46
25 67
4 1
49 50
95 41
66 30
31 89
61 20
46 79
50 75
20 13
15 37
28 10
89 59
97 28
21 78
2 57
46 28
28 86
72 89
40 34
63 36
97 37
60 24
13 51
89 24
53 40
47 97
84 44
72 11
40 6
15 13
44 21
41 0
73 17
2 83
56 7
95 30
8 72
93 34
82 12
79 84
35 81
48 7
18 66
39 61
90 28
65 64
77 80
50 5
59 57
78 88
55 45
74 86
52 80
89 45
13 15
49 52
82 10
19 93
16 49
51 25
55 62
44 40
57 68
4 3
55 27
0 29
69 97
8 9
24 80
13 18
59 40
54 97
61 88
5 40
52 5
50 94
98 83
64 13
17 93
85 84
91 85
73 98
44 78
58 7
59 33
59 39
94 70
31 3
94 62
11 17
93 52
79 6
88 2
7 56
90 46
11 86
64 59
35 46
51 65
89 42
58 81
91 66
54 0
58 47
90 84
72 37
82 76
3 24
28 36
58 3
5 93
32 58
65 87
7 27
43 35
28 98
27 73
15 38
39 65
38 63
71 19
45 20
12 87
20 49
56 89
70 39
52 97
8 49
56 55
9 82
26 59
7 87
80 42
38 53
76 54
61 84
26 62
83 4
15 3
93 63
6 81
70 72
0 52
24 62
72 40
52 17
34 83
33 49
3 74
62 97
33 19
57 3
0 26
57 82
47 98
65 34
45 50
48 73
64 30
25 7
28 10
96 11
35 66
65 72
53 34
22 13
10 17
72 38
71 14
28 75
89 7
98 37
35 44
57 54
10 72
34 23
13 48
1 30
72 85
52 35
69 49
44 33
84 16
24 44
29 96
87 9
84 25
67 29
60 61
79 92
67 44
38 37
47 22
1 26
67 14
93 22
0 31
26 95
49 11
40 72
25 32
99 22
5 56
6 65
30 2
19 5
94 95
73 87
76 1
36 96
5 74
55 8
13 82
11 18
79 80
60 88
73 0
89 0
49 48
16 77
71 66
53 17
14 92
89 1
1 25
97 87
72 2
84 70
95 50
13 4
72 39
58 3
65 4
20 37
97 98
41 28
40 96
76 3
25 44
9 30
43 23
19 2
54 77
93 56
49 31
61 53
7 73
18 29
81 71
11 44
58 57
21 28
97 76
46 36
18 13
98 83
52 93
29 95
80 72
96 8
74 6
42 60
66 71
81 48
69 29
26 73
55 72
97 11
71 58
58 93
88 97
70 12
7 41
38 82
44 49
36 41
46 11
83 47
97 23
63 42
83 12
26 7
58 68
39 45
13 98
32 55
3 8
62 97
56 45
72 4
39 52
67 84
31 40
5 8
38 37
6 32
73 3
3 49
13 8
45 89
34 69
10 63
75 44
66 36
51 9
37 56
13 28
30 26
30 68
79 5
78 39
20 19
85 70
77 94
29 72
67 44
7 54
87 65
97 62
89 32
87 66
17 2
72 71
70 17
20 87
34 97
79 26
19 28
55 87
2 28
19 53
91 61
69 64
71 25
77 3
63 89
47 96
33 40
8 39
31 63
56 26
45 72
24 5
70 54
6 19
8 71
1 41
76 36
66 9
59 77
9 49
22 66
37 79
77 66
92 64
25 20
97 31
75 96
12 4
89 37
31 65
99 44
39 55
25 20
33 74
24 2
15 53
86 33
65 98
34 30
87 85
75 73
94 66
16 62
54 75
88 81
74 60
67 31
98 7
15 58
25 17
36 63
97 5
56 96
21 86
66 54
21 98
64 9
16 32
87 92
59 63
56 81
53 6
4 92
12 40
14 22
98 80
15 11
30 10
27 42
6 47
20 16
87 50
7 32
54 91
6 0
43 99
13 0
88 35
76 20
51 27
52 68
27 21
50 11
54 50
63 58
81 40
84 15
75 23
76 42
92 54
29 67
77 62
42 58
36 90
74 76
14 52
49 66
53 95
51 68
9 68
8 1
66 41
71 75
88 17
85 83
32 29
20 54
22 78
3 24
83 48
9 84
72 76
19 27
61 3
27 68
47 86
17 39
0 12
78 25
13 59
91 81
46 38
54 71
41 92
25 34
49 29
20 17
41 96
83 68
64 2
4 3
47 44
40 26
64 2
65 26
71 94
99 75
58 49
41 88
1 54
17 71
20 32
24 18
69 25
5 46
57 81
37 3
48 41
0 78
25 44
86 17
69 98
43 65
41 76
24 52
78 20
77 29
73 75
61 76
31 85
5 38
12 46
15 36
27 33
79 80
20 86
87 21
4 87
7 10
4 41
52 51
51 36
14 97
97 58
72 98
64 19
65 48
49 41
85 28
62 37
79 48
78 86
66 10
59 17
90 4
54 28
56 15
57 68
48 10
41 72
7 67
84 16
82 2
82 8
51 6
57 85
13 9
69 76
96 60
6 31
77 92
91 36
83 80
50 77
66 83
93 46
55 81
30 3
6 20
92 4
4 75
46 86
44 30
51 15
17 68
64 31
88 58
63 45
97 22
96 12
9 27
12 25
98 91
7 45
74 90
35 19
85 32
13 40
67 28
50 56
28 19
37 53
34 70
13 34
13 89
30 62
68 77
51 93
33 48
98 76
94 30
81 23
39 42
55 70
80 5
34 27
62 50
22 75
74 71
97 53
50 99
20 85
77 96
6 41
34 85
57 86
2 72
9 14
4 37
13 72
83 46
34 25
41 53
15 55
93 26
10 79
0 59
58 20
36 11
33 65
48 21
33 17
5 41
67 98
85 63
19 13
27 77
38 27
8 64
63 27
54 14
41 43
99 38
98 55
45 96
71 81
56 55
5 81
81 83
76 3
29 60
44 50
39 45
64 66
45 91
78 65
29 82
19 31
65 89
19 57
68 49
21 24
35 53
48 50
10 95
37 97
22 88
71 52
86 95
30 53
29 76
47 86
70 94
81 57
53 67
38 91
27 84
97 81
12 8
97 40
70 84
75 21
72 27
64 53
47 14
60 22
83 46
30 36
79 53
48 50
72 98
40 67
44 27
94 93
63 14
84 76
56 2
24 84
74 4
37 39
94 68
88 52
87 71
21 46
95 34
80 23
27 99
59 56
20 30
14 32
71 2
86 43
78 39
10 96
62 96
50 98
84 90
2 9
68 77
26 47
90 41
78 37
13 50
87 96
99 77
24 9
93 31
65 99
11 37
98 48
33 80
4 15
73 9
87 13
0 93
91 78
3 15
79 6
1 42
68 5
79 63
90 78
91 3
89 44
31 74
4 54
98 63
91 9
26 79
64 66
54 91
52 91
57 2
89 87
85 69
17 4
82 98
20 18
49 86
25 17
88 1
74 28
21 79
87 1
60 71
51 84
11 67
68 12
72 19
50 28
66 85
29 94
94 36
29 8
18 11
57 99
89 60
48 42
43 14
27 40
64 49
42 71
5 29
96 34
83 31
80 68
37 5
73 91
63 37
44 79
70 26
85 46
11 0
11 59
75 15
11 18
40 90
82 39
46 75
99 13
55 6
35 97
97 94
35 14
51 57
17 10
67 40
86 6
83 92
7 8
94 92
67 88
82 60
50 39
24 9
8 21
93 91
81 33
78 12
76 79
32 34
1 23
33 30
13 46
49 92
76 45
16 66
5 56
39 86
0 60
10 40
90 37
22 87
3 20
67 49
3 36
63 38
47 0
65 10
60 65
88 28
80 48
77 28
60 46
32 41
75 33
99 20
1 54
3 19
8 64
27 47
78 61
58 10
72 37
56 67
97 5
57 26
37 23
52 84
92 28
13 37
41 98
8 34
30 31
57 73
34 93
54 24
40 24
19 47
34 82
72 24
76 23
72 8
19 34
7 35
14 74
66 74
47 19
22 24
78 2
18 65
45 2
28 33
43 70
75 25
56 89
58 65
6 52
26 58
30 74
24 66
10 72
88 93
82 64
79 88
10 77
52 88
42 55
70 65
50 88
94 72
48 42
38 57
49 21
95 15
9 49
62 93
2 10
42 32
14 87
27 88
55 19
27 57
56 36
75 24
12 66
87 24
9 74
36 17
0 74
22 41
74 52
79 57
71 35
32 57
33 86
63 32
15 21
25 85
14 74
35 17
68 36
40 10
47 65
38 72
27 62
84 25
87 68
43 36
41 67
3 56
93 19
37 83
39 13
55 38
5 63
57 3
43 0
43 67
50 28
79 52
78 62
51 11
67 29
34 14
69 49
82 85
8 52
23 20
88 85
19 4
21 58
91 57
30 31
62 81
43 10
29 10
61 2
30 39
37 6
17 73
58 41
44 42
39 36
49 44
35 57
9 80
42 39
72 24
14 41
68 96
48 25
94 63
53 44
19 31
26 86
9 75
46 22
29 72
29 23
79 12
97 94
26 70
71 95
15 10
77 36
98 41
46 73
81 53
91 89
36 44
37 97
79 14
4 53
0 74
10 89
31 68
96 80
73 12
4 27
11 22
92 13
10 66
31 57
87 36
0 32
38 24
94 11
62 76
44 83
64 84
23 36
20 62
45 38
81 0
68 64
61 85
28 23
44 46
90 29
60 79
71 86
63 65
70 42
2 99
17 45
82 20
7 38
50 81
34 1
20 48
73 15
35 19
1 58
73 4
58 27
89 39
48 7
42 39
15 91
66 92
29 68
54 45
88 20
15 3
15 13
92 78
4 79
37 22
12 57
28 77
46 88
39 68
25 8
74 75
62 41
3 33
27 93
21 6
30 26
26 20
55 58
3 80
84 76
33 50
29 36
63 17
26 72
51 54
8 9
45 51
68 61
62 76
31 81
69 46
69 47
76 1
32 31
65 51
5 9
63 7
17 5
52 76
37 83
40 59
67 58
31 79
43 47
64 89
60 85
61 57
22 38
14 33
95 28
48 65
38 44
30 74
5 65
52 5
95 13
21 91
61 87
28 30
88 82
94 30
24 29
1 75
80 84
18 89
4 84
24 48
3 26
69 60
85 5
44 97
53 21
82 61
46 61
43 51
10 6
40 18
97 80
39 28
42 11
14 8
1 9
34 42
44 59
75 10
5 30
52 54
70 67
48 16
94 6
43 79
41 11
76 14
13 33
92 64
69 90
43 60
8 20
27 6
84 28
5 70
64 91
39 66
5 72
85 55
13 52
4 78
1 71
64 25
45 9
52 61
4 56
13 69
30 88
39 73
70 77
48 5
24 41
93 66
67 70
88 11
5 1
75 44
82 51
46 32
54 78
56 49
21 78
19 76
33 55
65 0
68 2
16 90
23 33
83 75
54 40
43 92
9 59
28 47
0 99
87 46
34 30
47 73
94 26
67 74
53 89
38 97
48 53
2 80
56 57
97 87
74 43
10 12
65 80
18 12
37 84
25 76
80 76
67 97
4 64
43 97
40 59
43 81
30 0
84 80
66 55
81 8
49 59
77 69
61 84
24 66
71 0
65 54
62 8
21 72
83 28
43 73
62 51
39 55
89 92
90 37
11 12
50 57
22 43
36 87
78 42
68 53
53 80
71 85
52 8
95 16
79 2
50 86
34 93
22 1
41 3
79 42
41 77
38 45
46 23
46 36
27 71
37 68
67 29
16 1
92 25
0 41
30 0
19 23
63 59
47 11
4 68
32 14
83 1
71 37
36 50
22 21
18 36
17 39
10 72
2 33
14 46
81 79
25 63
21 16
61 34
19 20
47 73
78 1
17 95
84 63
45 10
19 62
65 50
3 73
98 38
5 19
1 78
8 95
49 95
26 20
92 64
0 64
49 31
92 70
57 94
54 62
1 18
32 9
91 8
86 68
51 27
50 72
64 35
27 41
10 29
69 55
63 25
46 2
81 50
93 43
76 48
80 7
4 46
54 49
50 33
87 12
50 45
78 40
40 23
92 65
5 52
49 51
41 20
37 69
67 52
4 74
7 48
14 24
56 6
97 54
31 86
82 17
28 62
50 39
23 27
48 88
9 48
22 38
61 4
10 8
75 13
83 42
33 32
22 4
71 49
94 10
39 65
77 55
73 67
34 74
87 96
52 17
78 92
45 97
59 17
44 32
29 40
49 52
74 44
14 97
72 48
64 53
53 11
8 29
33 52
76 97
22 82
94 96
22 96
80 88
64 75
26 19
81 18
0 86
20 41
66 24
24 72
72 31
95 87
36 32
25 6
59 51
41 89
26 78
5 90
4 65
59 98
12 53
71 70
27 58
88 84
93 35
8 47
31 73
21 9
33 63
43 88
22 63
80 76
99 76
86 78
3 72
73 22
63 64
99 62
45 48
71 61
7 92
52 57
32 90
6 59
9 60
32 90
17 41
96 12
70 59
97 98
66 26
52 11
80 56
70 47
12 0
63 92
68 10
93 59
99 77
59 74
67 1
9 49
30 77
88 0
95 65
31 82
10 40
45 49
47 20
35 47
65 63
90 44
86 76
83 18
51 19
27 99
92 77
72 49
5 93
11 32
56 11
47 34
0 65
9 51
52 60
74 34
61 47
39 8
31 7
31 1
0 45
13 53
93 87
33 24
71 81
73 39
4 64
13 93
98 72
87 61
82 19
76 62
14 75
55 10
2 5
9 62
30 96
90 25
2 41
93 38
38 37
5 95
93 43
86 98
53 6
1 95
98 30
0 27
17 26
92 67
74 30
60 79
50 20
56 2
83 86
46 86
28 77
94 36
70 88
53 85
17 16
24 41
88 36
72 52
8 78
19 55
73 58
41 84
86 97
83 59
53 54
61 9
19 71
61 25
66 33
28 17
91 22
20 79
89 16
10 97
42 2
85 45
86 96
94 22
55 38
92 90
40 46
56 96
75 39
53 48
51 43
30 68
64 5
99 26
33 51
61 81
34 23
50 92
6 1
46 10
20 5
54 22
48 72
39 44
2 35
4 83
99 26
93 24
97 12
40 85
32 47
14 37
26 53
97 25
91 6
95 51
62 53
42 84
7 11
93 71
27 20
5 16
33 31
36 50
81 80
53 68
32 26
94 64
50 26
58 12
3 37
71 69
68 74
9 51
6 95
58 51
52 18
24 68
85 23
12 95
16 41
86 82
20 78
82 33
12 35
10 4
99 62
74 81
51 4
11 73
90 98
31 0
21 66
67 47
26 3
37 1
54 57
50 33
4 32
67 31
54 91
89 77
10 3
47 59
86 93
22 38
43 3
43 4
19 5
30 8
37 83
65 13
18 61
19 37
20 50
20 37
8 93
75 72
15 72
78 11
36 52
76 88
50 53
43 32
34 27
35 95
34 23
57 23
40 68
10 73
81 99
40 77
70 94
95 56
44 91
2 94
14 82
87 37
8 63
44 76
47 72
36 86
60 61
85 23
20 84
87 76
7 8
11 83
34 58
47 44
24 7
95 10
55 69
47 62
13 7
29 22
18 47
58 62
62 72
49 16
45 9
14 7
31 13
95 46
62 8
12 45
56 4
76 74
67 14
6 55
43 49
97 2
32 53
80 13
26 49
18 29
83 11
89 16
27 11
37 45
5 70
59 1
81 60
51 94
86 68
62 40
84 7
16 23
86 84
61 83
30 48
36 42
57 96
12 80
32 84
92 77
37 48
16 24
47 0
88 17
92 99
21 29
84 43
90 73
19 24
64 40
14 33
21 42
98 89
78 7
46 0
7 76
21 97
81 57
48 64
83 17
81 40
52 71
19 15
5 99
1 12
74 95
38 51
69 86
81 56
47 84
66 30
25 95
88 60
28 4
86 40
67 31
31 93
89 29
73 34
81 83
92 17
55 98
24 11
14 94
98 3
37 75
92 63
94 92
27 14
1 79
52 13
22 77
65 88
39 28
29 59
6 60
61 59
68 73
99 47
48 32
12 47
98 53
47 2
95 35
88 13
54 51
94 27
32 26
74 38
69 74
56 93
88 5
18 11
45 54
53 17
3 29
59 23
98 19
2 46
4 47
7 9
67 53
15 22
35 52
48 62
9 11
58 24
59 73
25 34
8 90
63 48
28 97
1 21
19 57
56 84
35 28
12 71
85 96
51 88
64 41
83 28
7 39
14 18
81 97
31 63
58 94
84 15
95 21
86 89
76 41
53 23
95 53
7 41
85 29
25 34
74 18
34 98
19 70
12 1
5 85
96 25
16 64
54 86
13 26
84 65
94 88
20 65
62 37
21 88
45 58
43 65
79 38
57 94
95 55
56 77
6 15
32 21
65 59
2 40
76 92
27 5
77 67
42 33
79 61
25 82
40 52
9 86
40 67
12 57
47 70
85 87
33 66
64 37
98 25
31 66
93 98
22 27
40 59
21 42
76 45
32 62
47 99
25 55
23 63
30 40
14 64
73 43
94 13
98 30
40 16
62 83
40 72
4 54
39 86
38 32
41 87
26 27
49 31
1 73
84 64
0 33
50 37
71 7
46 42
29 45
44 42
55 47
28 42
41 33
10 99
76 98
76 85
94 17
5 79
81 99
82 2
93 6
77 92
63 12
95 4
79 17
17 67
98 99
34 64
66 12
41 38
21 90
90 37
26 83
61 28
13 85
24 41
25 31
35 46
94 85
78 54
22 84
59 86
3 42
5 17
39 46
64 83
29 49
9 93
49 70
42 85
15 44
6 53
74 48
54 45
82 59
39 23
87 80
38 26
90 98
42 31
22 3
90 74
55 88
46 50
25 57
28 82
28 35
44 95
62 74
0 21
15 1
11 45
28 86
69 16
58 6
81 32
35 5
80 49
94 7
61 9
75 6
97 0
20 60
48 1
66 15
75 16
7 91
66 76
99 97
32 25
69 38
20 87
56 37
14 45
55 45
32 23
15 97
41 34
59 46
10 74
56 90
20 82
19 24
76 82
33 94
32 0
3 44
75 31
52 13
87 55
27 98
67 13
53 62
20 87
69 91
34 94
58 29
47 75
68 27
27 1
11 4
3 72
87 38
55 60
49 78
76 50
93 87
11 5
38 39
8 25
46 22
23 40
54 51
12 86
7 80
68 91
6 95
13 71
67 23
54 48
41 40
36 43
96 67
0 90
92 0
3 23
32 63
0 15
83 88
77 85
72 84
30 49
25 67
19 3
6 39
1 12
78 44
96 94
52 97
70 42
2 85
87 5
5 86
7 3
98 23
86 10
4 6
98 99
84 76
16 12
34 79
33 93
39 6
77 91
88 9
39 51
18 28
77 27
98 86
54 0
63 7
54 99
80 82
43 4
34 51
54 82
4 66
0 10
27 40
50 57
33 92
80 63
34 30
86 39
24 25
4 59
91 13
34 41
81 17
20 35
94 14
67 52
7 16
92 13
42 0
10 83
94 78
47 53
89 8
47 21
57 48
90 41
70 53
42 94
65 40
34 69
94 85
66 83
36 12
41 82
93 64
51 49
12 5
87 77
99 25
3 24
50 95
89 55
32 23
78 43
31 86
89 78
28 34
59 37
5 18
61 79
75 14
38 64
39 77
53 91
5 8
40 28
19 1
97 22
83 25
92 59
80 59
12 97
35 47
74 96
20 24
72 93
13 80
2 41
59 19
82 84
1 52
16 46
22 14
7 33
54 10
23 89
5 60
31 35
33 38
99 4
67 92
23 44
8 17
32 45
29 91
93 64
80 31
83 28
94 56
66 76
74 38
4 6
65 48
0 99
23 92
22 42
44 90
43 87
35 97
7 19
8 62
14 8
90 14
15 63
17 36
94 95
1 76
82 3
32 35
36 31
92 65
21 25
69 6
95 46
27 69
92 87
36 58
11 41
35 57
55 40
16 24
1 57
96 8
51 38
64 42
4 16
11 5
97 59
30 99
21 53
31 14
8 99
66 37
12 56
27 0
82 47
87 10
67 57
66 78
85 9
0 81
41 1
69 52
8 72
7 34
85 57
65 83
6 5
77 9
2 83
78 47
1 93
95 96
11 34
57 55
45 19
20 28
66 78
30 44
3 72
65 96
41 5
34 67
36 9
21 40
17 93
75 66
48 8
28 35
94 79
58 52
50 70
95 36
99 50
23 40
87 62
86 69
86 84
93 78
75 76
2 15
91 24
7 16
12 39
12 46
5 23
83 54
37 39
26 78
65 62
73 58
12 61
28 24
33 19
66 41
52 63
64 44
87 65
26 3
29 79
50 30
43 81
97 2
42 61
56 76
41 37
96 34
92 91
92 57
81 40
39 88
69 60
36 91
9 18
5 95
46 32
16 10
35 25
34 88
3 56
72 33
48 82
53 96
1 18
78 40
40 78
43 0
27 91
35 55
51 57
0 5
65 77
55 37
72 79
14 58
11 65
17 29
58 87
74 43
75 17
17 75
31 35
68 30
33 80
50 92
78 90
34 75
63 13
80 67
62 54
44 78
54 31
26 15
3 70
29 50
13 36
16 75
21 73
0 68
78 43
57 72
52 65
93 64
15 84
14 33
44 63
50 69
94 54
5 77
15 92
11 38
40 79
55 39
89 26
58 69
99 35
87 16
83 40
64 99
39 77
19 74
28 71
77 91
10 83
75 69
93 83
30 61
95 56
81 28
78 1
94 15
68 50
75 80
88 35
77 23
64 71
29 70
95 52
80 47
49 13
34 92
19 5
45 48
98 88
58 2
59 64
66 58
40 25
74 53
17 25
49 84
30 93
41 54
44 51
98 47
9 18
23 42
59 92
23 51
8 4
42 55
17 21
58 76
39 0
31 21
53 33
27 15
75 36
41 89
32 17
58 97
27 22
8 43
90 94
52 79
91 15
65 92
69 60
56 17
7 29
45 22
40 77
77 8
15 78
30 11
75 64
1 50
7 25
30 14
45 72
96 20
58 49
37 34
49 64
6 24
63 82
74 89
88 68
10 33
14 16
38 35
48 10
27 52
41 87
84 59
66 46
71 72
95 16
14 53
59 24
82 37
28 86
1 51
60 42
97 15
79 94
1 68
15 34
58 21
83 27
98 97
73 98
46 68
24 11
96 20
56 30
52 63
80 1
26 90
17 90
95 80
77 54
3 44
78 6
78 70
59 23
82 79
84 70
83 55
98 54
94 68
0 69
8 38
82 24
59 48
31 14
48 24
36 51
44 23
45 84
6 14
12 97
3 70
80 63
90 39
59 40
73 31
85 50
24 0
9 5
67 41
25 99
97 26
31 96
62 22
29 36
48 62
45 26
25 78
34 93
48 54
24 18
95 64
79 16
97 36
89 99
66 95
77 95
24 29
21 65
7 4
68 65
24 69
20 43
98 89
8 56
41 10
70 58
30 31
97 68
61 89
62 80
37 85
27 49
11 3
27 62
99 19
39 46
89 27
15 13
73 47
99 24
51 59
38 52
52 58
56 47
3 13
14 61
21 23
98 53
9 63
8 20
35 16
63 48
63 96
41 36
7 18
85 35
82 7
32 67
62 45
66 29
75 86
9 8
52 31
93 89
66 64
1 92
69 70
15 98
44 83
69 48
47 9
53 19
34 6
58 25
91 10
67 36
14 16
5 67
78 96
66 39
52 65
5 72
55 43
43 61
17 0
64 95
74 89
12 41
47 13
88 99
49 62
57 14
73 46
30 93
19 50
20 40
15 42
33 5
85 99
79 96
79 68
12 92
52 62
89 27
92 71
53 61
39 87
18 34
95 1
49 2
74 63
20 81
12 11
64 76
99 8
55 62
29 48
49 94
24 3
44 9
72 66
80 11
87 99
21 55
99 16
56 2
40 75
65 96
58 37
51 62
68 22
71 22
93 85
56 59
62 54
72 6
31 29
76 82
43 0
52 88
78 25
9 69
30 18
21 92
98 91
59 7
55 76
32 5
89 7
49 97
80 56
75 68
24 54
98 93
4 33
35 11
67 7
64 89
55 34
26 12
62 12
52 45
13 67
10 46
85 15
46 76
10 80
1 90
43 94
57 2
74 69
52 74
9 55
92 37
25 2
40 28
83 17
91 6
26 93
30 83
33 57
40 72
0 9
23 1
68 56
33 75
36 28
66 86
13 0
56 21
54 81
5 17
78 62
98 30
66 89
31 83
11 36
84 75
95 2
9 7
52 33
43 49
45 79
15 14
79 35
31 23
50 3
2 97
81 26
98 14
87 58
65 3
48 16
56 35
53 38
42 10
96 48
3 56
60 76
40 69
78 22
62 9
69 40
20 92
81 6
40 52
22 61
43 40
45 31
20 91
12 48
1 38
18 80
58 57
17 60
90 31
82 86
14 33
13 92
23 90
74 93
96 40
0 16
42 15
83 95
47 89
21 97
88 15
62 37
52 29
16 77
83 40
36 92
43 60
11 91
16 70
89 84
88 79
71 90
49 89
70 71
37 95
17 98
77 46
80 49
37 7
45 26
93 77
35 7
73 68
77 33
9 99
21 66
41 76
7 23
92 46
34 3
63 38
49 87
14 55
14 61
80 86
4 5
85 83
12 1
67 98
34 17
88 25
19 91
82 53
21 50
67 87
81 18
47 12
99 65
21 47
37 89
29 32
2 39
34 44
56 76
35 74
90 93
88 1
55 38
38 90
36 32
54 4
10 41
56 12
48 65
57 10
86 24
88 43
10 35
82 85
30 51
79 30
53 65
93 72
81 30
2 79
41 1
75 32
86 90
87 38
22 49
1 54
50 42
40 24
73 0
43 95
64 91
7 20
57 17
79 53
79 13
22 91
64 19
45 24
16 23
25 32
55 12
93 90
6 30
68 36
39 64
33 66
26 41
66 50
10 72
56 98
68 60
32 4
70 57
48 56
68 81
48 18
36 63
60 99
86 99
78 42
29 21
97 85
72 89
84 75
71 39
12 34
39 52
24 8
14 45
43 52
29 81
71 45
13 26
50 25
70 20
19 54
77 2
53 18
88 3
7 39
44 6
83 46
44 17
38 94
61 94
80 51
54 29
80 36
0 60
90 29
37 69
45 9
33 3
64 0
91 9
53 59
11 31
82 44
43 95
84 88
99 96
85 38
97 52
75 15
13 16
92 36
24 42
37 65
83 27
23 45
38 36
62 9
99 26
14 31
56 32
74 4
59 93
62 32
72 14
26 98
73 85
85 61
36 11
12 61
10 11
14 49
63 34
11 7
17 83
18 29
81 92
26 14
7 91
58 18
32 0
38 34
31 83
20 21
84 15
40 70
43 58
70 99
8 77
26 54
71 26
78 45
82 34
98 23
26 21
17 15
6 59
42 77
86 17
44 18
11 62
37 60
26 12
97 79
99 70
9 29
57 73
19 82
13 16
2 59
62 72
81 13
17 84
56 78
68 98
38 82
73 37
49 21
56 52
42 81
70 9
5 66
91 34
57 44
0 28
16 87
99 94
42 12
19 72
88 1
81 74
71 75
92 93
47 41
58 64
29 43
1 8
64 84
78 3
16 58
42 74
30 66
35 72
27 23
20 79
13 97
4 85
49 79
60 0
45 16
13 11
17 47
82 46
12 18
53 84
79 36
9 20
28 16
30 0
48 7
44 70
59 54
38 98
55 65
81 18
16 27
74 44
78 11
99 81
92 44
37 9
90 0
37 65
47 91
78 98
23 29
39 67
78 70
80 29
90 75
97 83
48 34
96 13
73 18
69 86
64 27
29 50
86 9
71 68
11 81
70 92
43 35
19 78
86 32
62 68
83 16
82 84
98 20
93 16
17 15
47 74
38 41
26 45
82 73
52 84
22 6
8 34
33 81
39 72
8 54
55 82
14 46
47 40
44 38
36 22
32 18
80 69
43 53
83 95
95 76
20 51
71 18
41 64
45 88
49 70
31 14
62 91
76 22
37 28
51 43
97 48
10 80
29 75
74 56
31 94
63 40
32 72
94 7
9 47
7 13
71 6
24 97
13 34
91 99
27 98
89 57
52 45
54 67
57 44
54 43
42 89
11 72
22 21
68 82
38 0
73 29
2 42
70 64
42 64
10 52
59 81
89 88
91 64
51 56
25 27
96 43
21 64
97 28
92 63
3 13
10 3
47 40
39 26
75 82
32 93
22 72
24 7
43 30
11 63
43 37
25 32
9 47
45 10
77 24
67 2
94 5
50 66
69 14
71 12
5 99
13 6
10 88
93 94
93 51
16 19
69 14
15 45
26 37
4 76
36 44
18 71
54 3
80 65
10 54
64 86
51 97
82 87
74 16
13 24
95 11
14 62
70 63
0 10
34 65
46 97
5 69
54 33
67 88
50 99
74 63
19 11
54 70
82 67
77 32
35 8
26 23
58 70
29 74
59 96
30 61
60 27
94 80
84 14
56 85
56 72
83 66
55 14
59 9
11 37
48 15
39 52
17 70
84 8
15 95
5 62
25 60
40 88
53 82
52 56
72 69
42 82
68 9
49 50
80 73
67 48
61 58
42 16
88 12
41 85
89 93
55 33
93 85
42 13
31 74
11 83
18 2
63 87
31 82
91 34
32 73
99 66
61 2
68 20
45 80
41 82
34 61
27 67
89 87
7 42
40 95
38 9
23 3
52 89
75 52
30 57
21 79
94 9
37 89
21 9
39 35
52 87
57 53
56 49
81 75
96 61
19 27
85 94
91 71
61 73
81 50
94 70
48 70
98 92
50 23
49 73
89 72
20 34
59 78
20 30
42 28
49 29
85 22
30 54
72 11
91 45
59 77
91 95
0 75
14 0
13 43
79 91
2 22
53 56
40 72
9 88
57 50
47 79
69 41
5 80
75 84
7 84
67 42
89 38
23 47
35 84
71 85
78 92
57 46
74 77
24 91
20 33
21 28
35 77
35 41
0 76
92 78
1 26
71 33
65 22
26 91
76 31
19 13
21 27
84 65
71 85
69 9
14 51
48 76
58 4
89 43
97 68
74 11
98 69
64 95
2 51
80 84
24 23
32 77
88 2
53 70
31 19
80 15
33 48
12 21
86 27
16 94
14 72
1 62
5 54
9 10
17 42
52 56
74 80
57 14
50 41
21 25
41 4
3 42
28 67
84 16
76 17
51 63
39 38
73 26
34 96
90 15
30 88
23 85
19 29
97 58
46 68
6 88
67 23
70 52
91 96
95 93
70 87
64 7
78 59
6 21
54 65
26 13
90 25
20 87
3 29
51 90
35 82
53 31
78 15
11 65
33 32
46 78
6 70
92 51
66 51
1 55
45 81
63 95
12 35
63 58
67 3
86 37
3 56
5 33
88 56
64 22
82 32
38 30
46 37
47 92
72 78
43 40
84 34
6 5
15 27
86 38
97 11
18 19
16 83
72 93
36 0
3 81
13 53
90 60
72 16
5 48
79 14
40 35
33 9
94 81
19 12
23 50
68 78
53 43
8 24
77 49
40 95
97 37
61 53
14 69
7 79
33 5
85 73
37 75
27 74
60 5
28 36
83 76
83 40
89 7
27 4
66 85
32 95
43 63
57 52
80 14
90 14
89 97
29 68
22 36
48 35
84 19
67 18
54 8
77 9
53 7
96 4
59 75
5 10
88 22
99 28
12 9
0 37
41 95
20 26
51 68
51 45
43 18
58 32
98 74
85 77
43 64
23 19
75 53
20 71
76 45
3 80
81 68
7 3
18 87
23 32
23 51
20 79
10 52
53 9
17 37
54 75
22 56
40 1
94 49
90 56
40 35
15 36
85 22
40 15
96 37
95 84
59 65
0 28
83 46
56 66
14 94
67 96
66 74
50 32
10 67
48 84
53 13
40 28
79 57
18 77
95 0
23 22
26 41
45 91
7 68
69 80
20 38
35 24
4 61
68 24
11 94
87 55
1 71
14 95
51 0
12 95
50 53
41 95
30 61
3 71
94 33
74 63
66 26
2 13
15 86
63 67
76 31
18 0
91 81
77 2
29 50
55 38
15 2
36 75
52 65
38 99
20 2
57 98
23 53
25 51
61 99
36 42
98 53
40 13
22 15
46 63
87 1
84 56
99 26
64 78
82 80
10 34
90 53
60 25
36 93
50 18
87 68
29 99
5 94
37 17
41 61
12 25
86 2
5 65
4 62
90 73
6 33
76 34
87 86
19 52
79 5
60 76
67 22
59 13
31 9
22 77
74 14
88 82
99 44
40 20
65 35
26 75
42 33
68 65
67 53
37 74
98 60
77 98
69 77
31 36
5 58
48 64
28 63
19 13
64 53
90 72
99 31
81 19
91 82
36 62
34 78
21 83
10 30
49 44
73 92
64 76
49 70
10 33
42 59
18 56
33 24
4 43
25 69
72 67
84 80
0 23
16 1
59 96
18 3
6 73
60 68
70 91
14 81
23 32
11 56
30 91
1 10
0 42
19 91
95 59
83 30
74 26
15 43
67 83
10 7
35 86
83 57
54 21
15 94
51 29
85 82
4 95
86 64
59 38
12 87
5 12
20 13
99 88
6 20
76 43
69 76
93 15
76 62
79 36
58 8
61 54
48 42
54 55
65 17
99 82
97 65
77 27
60 83
59 28
41 78
73 90
61 28
40 52
74 6
80 6
15 68
96 18
70 29
86 33
52 10
46 17
1 64
70 53
55 65
69 49
5 26
47 97
29 31
43 39
2 87
25 76
73 62
31 80
88 84
90 88
33 95
52 30
36 0
51 7
71 54
65 35
80 68
60 89
99 47
86 24
33 90
92 71
10 32
78 84
6 91
87 37
25 28
97 55
43 53
75 50
16 30
67 50
3 15
78 25
4 55
18 51
98 47
60 53
41 45
47 94
62 19
98 55
51 38
32 17
24 48
29 64
76 95
79 7
18 64
35 12
58 90
23 64
1 36
33 53
16 38
27 8
74 62
67 62
24 61
0 71
16 49
93 5
94 0
97 96
52 51
71 83
18 47
2 4
66 24
88 10
49 36
1 21
68 11
53 77
85 82
95 35
79 76
23 40
72 66
58 90
23 95
4 15
59 20
10 5
40 86
2 35
2 30
5 77
32 87
89 6
13 41
71 77
93 39
18 57
94 66
52 18
20 90
59 36
84 1
65 67
72 64
34 26
61 59
90 91
40 89
9 72
94 86
5 6
65 77
73 96
75 83
27 58
36 4
72 83
58 39
51 8
9 63
70 71
13 38
48 39
70 71
20 42
71 91
26 44
44 19
96 33
67 99
65 6
83 12
27 76
31 44
18 61
53 54
7 25
23 99
33 5
12 96
54 29
73 5
6 72
44 13
8 75
58 86
97 22
65 84
61 18
5 24
8 59
37 23
73 12
59 10
74 48
33 42
7 4
18 15
46 53
67 21
72 79
24 79
77 16
73 3
95 81
88 4
93 63
51 62
99 70
97 49
19 13
69 78
68 53
9 48
59 36
72 83
73 36
10 74
74 20
57 26
64 69
23 37
56 96
13 19
85 33
90 80
33 13
39 51
47 49
19 44
1 15
61 68
54 30
9 43
69 80
11 70
42 45
76 1
78 4
69 82
56 20
20 79
93 50
56 18
29 63
5 73
14 83
62 7
31 3
86 76
61 96
10 91
65 13
24 69
93 8
80 97
54 87
59 77
71 31
92 83
32 55
23 46
38 79
46 13
65 99
43 84
39 96
75 60
45 66
34 9
82 2
22 7
60 18
38 8
44 4
84 6
90 33
22 68
77 84
67 92
17 71
55 31
88 38
43 78
91 47
34 47
41 60
0 49
61 31
28 57
45 46
61 34
45 46
17 75
49 92
16 50
53 5
39 80
61 31
50 93
21 67
82 76
26 97
37 61
82 81
3 48
87 35
78 92
59 45
89 96
70 21
42 59
18 71
98 16
72 24
66 44
26 13
69 88
40 50
97 5
97 28
32 38
82 36
76 79
62 31
7 90
0 42
91 50
68 69
20 21
73 15
93 65
38 45
97 17
12 72
60 73
44 58
23 41
18 28
62 61
46 79
31 82
2 91
10 49
74 16
51 96
43 16
70 64
84 67
90 31
56 34
39 26
27 84
93 76
65 86
11 85
38 86
57 25
91 56
74 98
69 82
65 35
24 26
69 86
32 97
48 34
85 33
89 57
96 61
7 78
99 21
73 20
97 81
53 87
78 77
29 67
1 15
84 20
9 15
32 25
6 90
40 19
68 88
6 26
61 40
88 91
64 84
97 92
70 54
70 72
48 21
16 7
33 58
11 0
20 88
56 8
38 3
10 43
97 63
64 56
89 13
76 40
44 67
35 96
22 28
21 83
36 68
29 25
12 61
94 97
84 97
69 97
58 0
87 25
42 96
76 57
53 0
21 82
69 2
2 68
41 12
19 32
7 30
54 22
16 50
0 36
79 57
51 9
43 79
89 17
86 67
70 17
36 57
41 35
52 65
53 48
45 93
92 28
82 31
23 12
88 48
11 88
92 59
37 82
57 23
74 95
76 42
85 80
19 59
63 45
45 56
24 0
94 35
0 75
32 51
22 89
88 85
23 0
65 96
61 86
99 82
59 18
25 89
14 61
63 37
39 75
2 32
77 32
76 5
63 78
20 93
26 96
94 61
1 68
51 39
22 12
61 67
16 89
63 19
53 1
36 23
80 86
79 3
97 6
69 17
41 62
27 90
32 88
97 50
83 38
20 23
2 9
90 17
58 59
0 29
69 7
37 88
25 85
49 42
74 19
26 93
64 19
22 46
4 99
45 77
45 3
38 90
43 60
60 40
54 87
8 3
70 23
85 45
20 86
85 39
59 77
46 12
1 38
70 52
56 88
63 18
66 63
75 93
31 77
99 47
42 4
7 3
45 0
84 40
27 35
98 75
36 3
20 43
90 42
19 99
74 30
68 28
67 94
92 37
6 0
58 91
16 42
14 58
33 65
19 15
36 96
70 73
58 66
65 3
17 44
38 96
95 23
54 62
76 99
93 39
2 8
77 1
46 48
69 63
33 16
77 76
98 37
58 88
43 6
54 47
72 1
17 43
65 48
54 12
13 8
72 63
69 3
65 14
22 21
47 89
64 1
24 63
49 38
98 64
78 44
15 84
50 85
56 27
64 82
95 85
50 26
82 51
31 45
97 92
13 22
32 76
10 85
74 80
98 76
12 30
21 31
39 43
81 90
64 58
86 79
31 51
53 96
9 25
65 44
64 89
44 46
9 24
93 94
89 41
50 8
33 80
47 15
79 82
10 33
87 82
99 77
24 61
70 91
5 50
7 45
66 13
50 57
32 24
57 19
4 18
40 73
11 79
61 59
13 23
0 31
98 68
64 40
57 17
6 28
74 60
61 77
39 34
84 35
80 53
61 2
44 20
15 56
97 68
62 56
36 62
19 70
38 17
61 37
47 41
65 63
5 54
59 71
33 90
55 50
66 5
15 23
1 14
87 1
18 68
46 78
76 48
12 6
5 30
40 53
18 41
88 22
66 39
79 99
7 29
43 59
43 73
39 63
42 39
93 14
15 2
70 86
7 41
82 43
80 18
66 51
14 64
54 77
76 39
28 32
76 68
68 2
98 80
16 21
9 1
85 56
27 96
27 65
37 81
21 66
13 33
12 81
26 41
34 25
32 25
44 49
51 84
44 74
25 55
76 51
93 43
51 99
13 86
87 41
22 63
80 86
43 42
35 25
51 93
41 65
97 30
20 43
89 50
70 27
66 22
18 13
39 99
73 10
37 19
24 59
40 70
3 91
52 80
53 16
55 37
41 69
25 94
89 27
96 62
2 79
72 42
28 93
64 1
94 70
65 21
11 23
71 22
94 21
48 75
71 3
95 47
68 73
44 78
54 67
7 15
17 59
85 71
30 53
69 41
41 35
34 36
31 60
7 65
58 95
28 81
42 2
52 40
94 76
77 70
52 15
8 93
20 18
43 65
81 51
27 80
77 95
67 23
15 84
76 88
79 59
35 63
89 8
18 8
41 46
85 89
83 43
1 33
23 80
46 49
51 5
22 40
99 63
67 96
43 75
3 51
68 46
49 94
59 31
37 5
72 61
9 82
2 15
83 25
40 0
17 68
87 36
55 66
20 1
49 95
3 66
84 51
33 26
40 42
26 59
38 36
47 2
21 4
34 25
42 62
98 73
4 55
74 32
24 71
60 68
7 70
53 24
50 46
21 6
88 41
63 47
93 26
60 63
90 16
49 95
94 93
97 95
20 70
0 93
1 27
60 79
44 65
69 22
36 46
37 67
93 23
64 76
36 88
97 80
57 31
41 97
24 86
55 51
75 41
53 8
65 49
78 29
80 87
80 86
20 57
35 73
67 1
84 76
3 24
55 68
64 24
25 99
89 61
79 87
92 58
72 86
22 61
18 69
19 31
4 92
10 88
68 87
49 20
63 53
10 62
9 67
37 1
0 78
21 67
78 66
64 39
65 4
32 41
84 19
8 11
75 96
39 24
33 49
70 17
54 84
70 25
93 43
22 12
4 58
46 81
76 91
87 75
66 21
54 38
14 42
43 29
14 70
11 85
38 46
27 94
56 62
1 15
90 58
81 55
88 60
10 60
63 93
6 57
13 12
54 86
21 75
68 44
17 70
6 35
49 3
70 18
22 25
70 80
51 19
38 16
38 71
50 63
62 35
10 2
42 14
45 2
81 63
77 79
10 38
55 49
75 22
18 46
14 42
58 25
83 20
31 22
64 80
64 24
37 13
63 72
82 36
22 54
65 56
44 94
52 9
57 45
79 13
0 97
55 66
49 51
79 19
63 35
51 69
36 34
32 74
46 76
58 36
81 92
21 93
8 71
0 7
91 61
9 22
1 71
39 29
10 50
25 27
96 71
81 6
56 13
70 19
51 90
46 16
41 46
89 11
24 96
99 9
14 81
90 54
21 39
32 44
61 19
24 44
36 64
15 91
15 96
55 13
63 41
30 14
5 57
22 12
75 45
65 25
37 61
79 85
76 12
89 45
30 38
85 40
23 41
54 72
47 96
58 94
70 36
61 92
61 62
69 18
35 70
56 69
85 47
79 74
54 88
99 57
26 67
13 73
57 91
95 60
28 47
56 81
44 59
95 58
21 99
13 72
17 96
94 24
85 79
28 32
6 28
30 90
38 71
91 60
62 4
22 17
32 1
50 42
45 26
20 94
3 65
73 33
42 10
74 7
0 1
93 90
45 81
37 58
54 89
78 17
94 51
8 44
94 25
31 90
58 33
65 47
31 45
21 52
67 13
68 11
24 77
1 47
87 81
33 88
14 16
26 99
72 49
42 20
15 30
42 50
44 67
82 63
96 73
5 41
14 64
28 19
26 90
56 0
78 61
61 39
39 35
41 24
55 85
64 63
96 94
13 45
56 53
96 3
44 28
30 61
35 20
98 40
46 15
45 91
43 42
80 95
19 62
64 92
81 41
52 44
67 13
89 41
38 88
21 8
31 86
26 36
99 46
20 10
47 4
65 12
53 2
85 12
25 87
51 18
63 73
14 53
84 56
24 55
25 41
6 72
9 53
43 84
51 1
73 17
63 4
28 70
54 63
46 40
55 78
50 84
80 58
1 83
43 59
66 45
92 3
16 61
17 89
45 38
92 52
79 64
30 98
93 21
66 44
85 83
14 97
92 39
3 63
69 56
68 39
52 29
8 87
44 4
86 59
60 20
92 55
68 67
7 67
48 76
64 96
68 98
9 86
65 26
94 25
97 74
94 42
39 57
22 96
60 80
15 23
10 13
0 40
83 25
35 40
16 93
17 15
13 85
59 92
19 83
89 38
35 65
38 50
91 89
45 43
8 96
74 15
24 73
65 55
38 55
42 5
20 77
86 1
30 94
47 64
74 41
16 76
85 52
68 91
1 58
19 31
35 70
31 22
50 8
90 42
9 37
32 79
27 2
38 30
26 13
69 17
54 14
2 73
99 38
11 21
56 88
82 90
37 36
24 16
91 94
36 56
9 31
27 96
23 69
67 3
90 95
48 18
41 20
98 57
60 13
93 82
34 89
17 4
35 28
76 37
12 7
7 17
43 30
81 74
58 51
27 61
69 30
88 34
32 31
18 64
11 61
45 19
27 90
90 60
99 70
24 91
42 61
30 58
83 9
63 76
94 96
65 99
4 33
92 83
48 89
84 76
25 33
48 79
59 35
43 29
12 86
61 23
3 52
19 83
9 87
21 57
10 82
19 79
74 48
2 49
5 59
47 53
45 97
69 48
31 18
91 49
59 53
99 62
5 53
62 19
64 33
70 88
85 38
80 55
74 62
22 77
19 67
1 49
41 15
63 10
29 61
39 15
56 88
97 82
9 3
16 3
25 81
90 61
18 89
2 73
5 88
96 98
47 86
63 18
87 53
12 83
42 55
88 29
58 23
25 21
13 46
35 78
83 73
26 77
0 15
9 10
50 92
14 32
7 34
21 55
37 6
14 74
93 59
56 47
76 93
50 8
5 21
15 90
84 11
70 55
98 51
17 94
41 53
71 29
3 4
86 13
6 63
47 10
92 94
18 80
97 2
54 63
83 75
38 67
92 6
32 75
93 53
15 44
34 83
8 54
87 6
43 89
54 84
51 85
58 53
77 46
68 34
48 89
99 54
25 49
4 28
56 30
13 95
4 85
34 11
72 57
49 61
8 7
42 92
6 9
65 57
28 21
5 60
63 49
84 73
34 95
29 84
55 26
8 72
46 28
69 95
22 35
81 35
34 27
0 44
82 60
15 27
44 46
18 50
60 37
6 39
80 13
44 38
95 46
94 40
56 60
44 89
69 94
64 44
83 96
75 46
24 90
14 85
46 89
97 49
86 94
67 34
76 44
74 60
27 62
85 48
99 51
5 15
92 14
54 68
46 97
67 17
91 17
8 43
36 7
68 35
72 55
91 83
24 29
20 46
31 49
61 86
18 45
31 74
95 6
80 49
67 1
32 73
15 33
33 77
88 33
80 54
24 47
85 86
45 89
27 43
84 3
33 78
81 92
22 44
21 72
87 3
81 39
98 85
69 52
99 12
34 2
30 81
60 47
76 70
10 91
64 12
96 68
11 9
12 39
47 78
98 19
3 87
78 58
34 10
88 24
89 21
41 25
24 90
24 44
27 79
2 92
33 67
27 73
20 77
57 16
20 92
26 29
5 71
9 25
62 10
32 80
53 50
64 10
77 44
37 96
4 88
19 25
97 31
75 19
5 44
99 32
15 91
76 82
50 98
38 42
94 26
19 25
26 68
76 20
59 65
17 4
96 17
32 81
44 83
93 2
60 64
57 35
26 81
67 57
29 38
4 61
85 5
6 66
97 36
98 93
46 96
67 87
36 52
94 34
47 82
22 40
26 92
45 36
90 19
43 66
2 56
15 92
66 8
12 26
34 69
48 27
49 93
90 91
84 87
87 97
49 44
61 10
97 98
53 30
9 78
1 39
29 65
29 28
64 54
10 86
16 64
6 55
77 1
91 9
2 4
85 69
12 91
18 49
43 37
12 33
71 93
36 6
77 8
74 52
57 30
24 26
73 94
80 37
7 66
95 16
56 35
55 30
70 17
98 82
62 25
31 8
20 1
75 61
74 83
88 77
11 35
73 88
69 39
77 41
81 59
32 72
25 52
75 22
19 12
95 48
58 99
60 10
27 33
29 14
52 67
87 49
1 79
75 45
44 29
13 12
6 50
75 48
56 6
9 5
63 15
25 97
30 50
87 59
74 67
31 99
22 38
25 27
21 63
53 70
35 61
0 48
46 54
34 43
80 98
72 15
98 78
2 27
91 53
21 43
44 37
77 70
62 14
38 13
89 35
46 14
1 21
72 21
29 20
64 23
81 68
28 0
97 84
62 50
58 59
70 12
7 93
50 81
6 66
62 33
35 3
36 55
76 20
36 25
3 28
51 72
77 35
99 42
35 30
16 1
47 78
60 53
51 61
10 93
32 45
77 2
4 20
12 49
89 81
81 50
12 40
73 90
68 53
9 6
51 52
54 31
15 68
97 77
44 92
83 36
63 64
4 39
68 44
38 75
83 64
85 10
92 99
0 5
9 57
0 80
76 6
73 0
25 43
90 57
33 32
23 91
99 95
73 46
72 3
33 94
54 75
55 30
56 78
57 90
42 7
96 37
17 70
57 25
29 91
83 54
19 24
6 62
17 9
20 61
69 64
57 5
82 79
49 16
66 42
76 40
6 38
57 9
93 35
1 97
28 60
3 55
55 8
75 61
93 76
90 94
89 16
37 67
46 38
35 76
24 8
65 25
84 0
51 46
61 37
38 88
53 73
73 8
63 20
76 48
82 46
61 70
9 75
72 11
88 52
23 97
87 21
42 19
48 70
37 9
97 58
80 82
86 37
66 43
0 37
63 39
74 81
97 51
80 23
34 59
47 16
36 29
53 82
69 22
1 51
61 57
36 76
48 99
19 47
81 14
12 11
28 8
80 63
11 56
17 95
54 96
30 0
68 48
23 12
79 85
1 60
8 49
67 82
87 13
13 81
33 87
79 10
32 22
25 38
85 37
70 96
24 17
66 53
42 13
5 98
60 88
18 16
23 32
41 5
6 28
38 75
7 96
78 17
6 10
80 92
9 78
57 54
98 1
28 8
35 21
61 75
67 56
77 30
85 91
2 71
5 8
99 1
37 15
40 2
38 95
44 88
10 2
92 45
19 26
18 73
34 73
79 9
92 23
93 30
5 95
54 59
32 49
64 23
23 63
36 30
70 45
21 82
25 88
3 84
21 2
67 55
61 77
56 63
61 88
40 85
64 93
96 39
98 59
36 39
59 31
35 27
6 76
85 33
2 8
21 24
62 49
95 25
76 94
18 22
31 59
86 12
29 81
90 53
30 3
85 69
26 39
3 33
95 64
63 77
25 69
96 17
56 39
64 97
91 98
81 8
59 37
43 62
26 75
61 93
47 17
38 55
74 22
94 23
29 36
88 28
13 74
49 1
9 53
87 6
5 55
58 79
77 90
29 33
73 29
65 80
95 6
83 64
87 99
12 22
42 61
88 64
60 82
20 39
7 28
73 61
97 32
81 65
34 29
68 78
87 22
85 37
71 62
89 91
27 19
28 76
91 80
64 28
79 21
19 28
59 44
51 66
8 24
80 79
54 96
50 52
99 61
32 67
29 66
46 56
0 8
53 54
81 62
68 29
88 99
78 52
56 30
56 52
99 7
89 26
74 7
29 78
49 43
35 8
88 36
4 66
27 20
85 2
37 65
2 28
81 12
85 73
65 85
3 41
31 64
14 59
96 46
53 78
51 23
68 50
7 27
25 99
46 69
90 63
40 42
35 84
37 96
22 30
99 95
92 6
23 55
57 88
18 86
40 66
47 50
43 68
76 92
15 1
80 38
42 51
10 79
22 80
11 69
91 96
28 11
95 8
10 85
8 79
91 50
56 63
76 19
32 39
60 50
77 3
62 77
65 43
18 69
76 98
58 38
66 58
99 19
86 2
6 68
27 58
59 47
38 20
3 56
83 80
94 36
60 11
77 27
36 66
93 56
8 67
88 43
65 56
87 3
28 83
48 57
24 76
49 36
49 59
41 66
79 8
45 12
5 24
53 79
86 56
23 1
44 17
58 61
2 81
86 41
97 98
25 73
32 24
65 12
13 17
17 35
93 39
30 96
82 69
58 0
27 34
49 25
56 95
73 62
82 27
58 98
91 55
66 24
95 2
70 3
51 64
19 30
63 18
60 75
45 97
52 19
7 74
31 35
52 58
18 39
97 1
87 85
30 1
22 94
24 32
73 59
70 49
3 89
11 33
58 29
42 77
29 32
56 0
1 35
96 33
79 65
24 80
44 58
53 76
3 34
57 55
22 48
67 54
93 86
71 58
15 28
91 81
82 88
