100 200 100 596 20 111
47 48 101
17 36 52
70 44 64
75 70 3
20 31 66
28 41 23
76 67 13
26 28 19
11 73 70
63 92 73
77 31 35
86 5 36
96 19 22
64 36 67
19 80 42
58 17 47
73 74 28
38 95 49
31 17 107
72 25 27
1 22 7
85 69 66
97 4 73
23 32 101
18 32 72
81 45 50
60 30 11
60 46 84
56 0 107
73 17 26
92 80 13
63 15 82
30 90 36
36 60 79
87 38 65
49 91 30
95 74 83
79 47 14
90 86 80
73 48 30
87 66 49
46 29 65
33 41 32
15 56 6
99 91 42
24 52 1
68 9 35
12 54 29
75 73 89
66 24 65
58 76 15
67 72 76
10 45 101
29 55 12
69 81 10
83 94 69
95 42 82
83 34 58
10 22 110
64 94 107
36 61 19
2 0 2
2 5 40
4 15 22
89 33 102
17 13 69
7 50 21
99 62 12
81 64 11
78 76 84
74 26 106
46 82 87
3 13 94
61 59 88
13 6 54
20 68 88
24 62 48
69 98 108
35 43 79
50 91 90
43 39 33
51 61 14
27 70 23
32 51 73
81 53 34
58 37 11
88 29 29
54 43 18
88 54 13
38 84 75
58 40 91
4 16 81
51 21 103
6 8 64
71 10 37
16 93 68
14 20 91
57 61 88
65 29 82
28 83 92
25 67 103
72 13 54
43 23 1
47 78 75
99 88 71
35 80 86
60 45 60
53 91 23
13 60 1
70 58 73
41 75 26
2 41 12
96 25 61
60 83 44
64 36 4
49 85 103
37 92 9
22 81 22
66 93 110
8 13 13
71 68 110
48 42 72
9 41 26
13 88 50
79 52 10
57 91 49
7 28 85
9 1 49
58 97 81
88 98 46
95 36 107
40 33 103
9 20 4
73 18 56
40 27 35
17 14 77
49 29 87
12 27 16
78 51 91
53 1 94
55 7 67
19 67 20
61 42 10
18 5 22
26 48 33
7 18 77
9 46 14
90 8 104
99 15 15
24 27 63
32 40 38
96 97 24
7 95 102
36 85 25
44 45 54
1 3 33
37 59 15
57 72 12
40 38 10
78 18 5
19 67 77
43 2 16
55 51 68
47 40 43
44 81 82
73 20 47
79 10 77
48 79 3
15 53 36
46 19 41
61 20 88
86 52 64
95 88 45
87 44 59
27 90 80
96 5 82
46 0 85
29 86 36
19 37 76
54 7 93
30 89 92
95 6 13
9 27 5
21 5 29
65 89 95
31 86 71
0 24 25
15 19 89
78 72 61
46 88 111
18 57 87
72 87 31
16 28 64
12 64 47
69 29 98
98 23 84
36 99 87
54 79 107
29 39 69
46 23 95
2 48 4
94 43 5
31 61 8
49 82 4
15 53 1
1 84 5
60 66 9
51 24 6
17 51 10
41 44 7
85 53 9
84 60 10
39 52 7
73 34 1
69 50 8
42 92 8
16 13 6
7 50 6
74 2 2
85 27 10
20 88 3
40 41 8
88 84 7
61 52 4
8 23 9
15 79 8
62 65 8
80 88 6
7 38 8
43 15 5
6 93 7
58 51 6
17 31 9
44 12 2
18 12 2
96 66 7
20 29 4
2 79 10
67 91 4
64 42 3
31 95 3
21 11 5
71 86 9
46 96 3
46 0 3
1 85 5
72 15 2
63 49 10
62 60 3
85 25 5
71 0 4
25 47 3
0 12 7
91 85 4
95 53 8
5 13 9
71 29 2
92 74 1
41 48 8
55 9 3
28 41 1
31 88 8
30 28 10
12 8 6
28 30 2
86 92 8
6 57 1
85 17 4
21 5 6
25 17 10
12 74 9
56 94 10
22 89 7
30 49 5
11 72 10
19 38 8
47 29 5
22 80 2
47 13 4
83 96 7
20 74 10
62 80 6
83 20 1
19 97 2
5 3 9
96 3 10
31 93 1
44 62 6
48 98 8
53 30 8
93 30 8
87 16 6
2 9 10
95 23 10
54 52 6
39 13 7
8 4 8
67 99 7
12 79 4
76 56 3
