10 20 100 525 20 273
1 2 70
9 2 105
6 5 181
4 0 100
5 7 253
4 9 155
3 8 206
7 8 253
9 3 268
7 8 209
2 8 267
1 0 26
5 0 270
9 5 77
8 7 256
0 3 41
4 5 33
8 3 127
2 1 242
0 6 13
1 6 5
8 1 5
5 6 9
8 9 10
8 9 5
2 3 10
8 7 4
8 6 1
4 2 5
7 5 8
9 7 3
6 1 6
6 8 6
3 5 3
5 2 4
4 5 5
3 1 9
9 7 4
6 9 5
9 6 2
5 0 4
9 1 9
0 9 2
9 4 7
0 9 4
5 6 9
4 2 6
1 2 9
1 9 7
0 7 3
6 3 6
6 3 1
6 5 9
7 6 1
0 3 2
8 9 6
7 6 5
4 8 2
2 6 3
7 0 1
0 7 6
9 1 5
7 0 5
1 8 2
8 5 5
1 7 4
3 0 10
2 9 4
1 9 4
5 2 6
7 9 3
1 3 7
2 9 7
0 2 6
2 4 6
3 4 4
8 2 5
5 6 6
5 9 4
9 8 3
8 6 5
4 7 6
0 8 5
2 0 8
5 7 10
5 4 2
2 6 9
7 1 1
3 7 7
1 8 6
2 7 7
1 9 3
4 9 4
2 5 6
3 4 6
6 5 2
2 6 7
5 3 8
2 1 8
9 8 9
4 6 7
2 1 1
5 2 7
3 1 7
8 3 4
3 2 2
0 5 9
0 8 1
9 0 1
1 9 10
2 4 2
7 2 4
8 7 10
6 7 1
3 2 10
4 6 5
7 9 9
0 5 7
2 8 1
0 2 1
